=== SSM PREFIX SCAN METRICS REPORT ===
timing_csv: /content/EE451_ParallelPrefixScanProject/Results/profile_run_colab_20260428_223528/timing.csv
raw_dirs:   /content/EE451_ParallelPrefixScanProject/Results/profile_run_colab_20260428_223528/raw_ncu_util, /content/EE451_ParallelPrefixScanProject/Results/profile_run_colab_20260428_223528/raw_ncu_bytes, /content/EE451_ParallelPrefixScanProject/Results/profile_run_colab_20260428_223528/raw_ncu_flops
out_dir:    /content/EE451_ParallelPrefixScanProject/Results/profile_run_colab_20260428_223528
peak_bw_gbs=2039.000 peak_fp32_gflops=19500.000

=== PERFORMANCE TABLES (time_ms) ===
D=1
L,warp_shuffle,blelloch,hillis_steele
1024,0.0123,0.0164,0.0133
2048,0.0133,0.0174,0.0143
4096,0.0133,0.0174,0.0154
8192,0.0133,0.0174,0.0154
16384,0.0133,0.0184,0.0154
32768,0.0207,0.0205,0.0209
65536,0.0194,0.0255,0.0229
131072,0.0204,0.0291,0.0250

D=16
L,warp_shuffle,blelloch,hillis_steele
1024,0.0133,0.0164,0.0143
2048,0.0175,0.0247,0.0190
4096,0.0208,0.0259,0.0221
8192,0.0202,0.0287,0.0221
16384,0.0241,0.0340,0.0269
32768,0.0288,0.0457,0.0352
65536,0.0319,0.0668,0.0484
131072,0.0504,0.1118,0.0741

D=64
L,warp_shuffle,blelloch,hillis_steele
1024,0.0212,0.0246,0.0227
2048,0.0197,0.0270,0.0241
4096,0.0222,0.0324,0.0264
8192,0.0264,0.0444,0.0302
16384,0.0315,0.0640,0.0436
32768,0.0543,0.1107,0.0744
65536,0.1197,0.2272,0.1567
131072,0.2197,0.4375,0.2951

D=256
L,warp_shuffle,blelloch,hillis_steele
1024,0.0245,0.0334,0.0247
2048,0.0247,0.0448,0.0327
4096,0.0339,0.0638,0.0450
8192,0.0529,0.1115,0.0757
16384,0.1181,0.2284,0.1550
32768,0.2192,0.4385,0.2938
65536,0.4175,0.8502,0.5701
131072,0.8211,2.0372,1.3024

D=512
L,warp_shuffle,blelloch,hillis_steele
1024,0.0285,0.0437,0.0314
2048,0.0351,0.0644,0.0466
4096,0.0525,0.1121,0.0762
8192,0.1169,0.2262,0.1540
16384,0.2168,0.4361,0.2949
32768,0.4153,0.8523,0.5683
65536,0.8205,1.6820,1.1218
131072,1.6255,3.3945,2.4258

=== ROOFLINE POINTS (all runs) ===
kernel,D,L,AI_flop_per_byte,GFLOP_s,DRAM_BW_GB_s,roofline_bound,roofline_eff_pct
warp_shuffle,1,1024,1.527558,2.896,1.896,memory-bound,0.09
blelloch,1,1024,0.399870,0.562,1.406,memory-bound,0.07
hillis_steele,1,1024,1.278245,2.077,1.625,memory-bound,0.08
warp_shuffle,1,2048,1.427260,4.241,2.971,memory-bound,0.15
blelloch,1,2048,0.543689,1.235,2.272,memory-bound,0.11
hillis_steele,1,2048,1.546001,4.072,2.634,memory-bound,0.13
warp_shuffle,1,4096,1.355193,7.375,5.442,memory-bound,0.27
blelloch,1,4096,0.637251,2.647,4.154,memory-bound,0.20
hillis_steele,1,4096,1.699112,7.802,4.592,memory-bound,0.23
warp_shuffle,1,8192,1.317614,13.645,10.356,memory-bound,0.51
blelloch,1,8192,0.690938,5.472,7.919,memory-bound,0.39
hillis_steele,1,8192,1.784182,15.805,8.858,memory-bound,0.43
warp_shuffle,1,16384,1.294880,26.184,20.221,memory-bound,0.99
blelloch,1,16384,0.719813,10.502,14.590,memory-bound,0.72
hillis_steele,1,16384,1.827441,31.813,17.408,memory-bound,0.85
warp_shuffle,1,32768,1.283712,32.960,25.675,memory-bound,1.26
blelloch,1,32768,0.734450,18.995,25.863,memory-bound,1.27
hillis_steele,1,32768,1.850634,46.992,25.393,memory-bound,1.25
warp_shuffle,1,65536,1.277866,69.736,54.572,memory-bound,2.68
blelloch,1,65536,0.741904,30.761,41.462,memory-bound,2.03
hillis_steele,1,65536,1.862486,85.607,45.964,memory-bound,2.25
warp_shuffle,1,131072,1.274993,131.330,103.005,memory-bound,5.05
blelloch,1,131072,0.745530,53.921,72.325,memory-bound,3.55
hillis_steele,1,131072,1.868432,157.523,84.308,memory-bound,4.13
warp_shuffle,16,1024,3.895140,42.772,10.981,memory-bound,0.54
blelloch,16,1024,1.009312,8.997,8.914,memory-bound,0.44
hillis_steele,16,1024,3.064162,30.860,10.071,memory-bound,0.49
warp_shuffle,16,2048,2.209951,51.601,23.349,memory-bound,1.15
blelloch,16,2048,0.839738,13.909,16.564,memory-bound,0.81
hillis_steele,16,2048,2.295415,49.139,21.407,memory-bound,1.05
warp_shuffle,16,4096,1.682795,75.640,44.949,memory-bound,2.20
blelloch,16,4096,0.790118,28.448,36.005,memory-bound,1.77
hillis_steele,16,4096,2.057889,86.586,42.075,memory-bound,2.06
warp_shuffle,16,8192,1.465509,143.703,98.057,memory-bound,4.81
blelloch,16,8192,0.768443,53.094,69.093,memory-bound,3.39
hillis_steele,16,8192,1.960042,175.661,89.621,memory-bound,4.40
warp_shuffle,16,16384,1.366134,231.141,169.194,memory-bound,8.30
blelloch,16,16384,0.758653,91.053,120.019,memory-bound,5.89
hillis_steele,16,16384,1.915526,290.168,151.482,memory-bound,7.43
warp_shuffle,16,32768,1.318191,379.533,287.920,memory-bound,14.12
blelloch,16,32768,0.753825,136.732,181.385,memory-bound,8.90
hillis_steele,16,32768,1.894372,445.660,235.255,memory-bound,11.54
warp_shuffle,16,65536,1.294699,677.072,522.957,memory-bound,25.65
blelloch,16,65536,0.751410,187.721,249.825,memory-bound,12.25
hillis_steele,16,65536,1.883518,649.525,344.847,memory-bound,16.91
warp_shuffle,16,131072,1.141241,851.980,746.538,memory-bound,36.61
blelloch,16,131072,0.666108,224.760,337.422,memory-bound,16.55
hillis_steele,16,131072,1.667829,848.830,508.943,memory-bound,24.96
warp_shuffle,64,1024,4.219350,107.511,25.480,memory-bound,1.25
blelloch,64,1024,1.092883,23.930,21.896,memory-bound,1.07
hillis_steele,64,1024,3.289436,78.110,23.746,memory-bound,1.16
warp_shuffle,64,2048,2.272402,183.282,80.656,memory-bound,3.96
blelloch,64,2048,0.865631,50.957,58.867,memory-bound,2.89
hillis_steele,64,2048,2.352204,155.052,65.918,memory-bound,3.23
warp_shuffle,64,4096,1.703289,282.942,166.115,memory-bound,8.15
blelloch,64,4096,0.799383,90.989,113.824,memory-bound,5.58
hillis_steele,64,4096,2.079674,290.862,139.859,memory-bound,6.86
warp_shuffle,64,8192,1.473450,439.809,298.489,memory-bound,14.64
blelloch,64,8192,0.772694,137.248,177.622,memory-bound,8.71
hillis_steele,64,8192,1.969743,513.784,260.838,memory-bound,12.79
warp_shuffle,64,16384,1.369129,707.738,516.926,memory-bound,25.35
blelloch,64,16384,0.760406,193.481,254.445,memory-bound,12.48
hillis_steele,64,16384,1.919846,718.065,374.022,memory-bound,18.34
warp_shuffle,64,32768,1.171616,804.244,686.440,memory-bound,33.67
blelloch,64,32768,0.668065,225.569,337.645,memory-bound,16.56
hillis_steele,64,32768,1.679930,843.762,502.260,memory-bound,24.63
warp_shuffle,64,65536,0.858637,721.775,840.606,memory-bound,41.23
blelloch,64,65536,0.497935,220.748,443.327,memory-bound,21.74
hillis_steele,64,65536,1.249323,802.354,642.231,memory-bound,31.50
warp_shuffle,64,131072,0.732041,782.357,1068.735,memory-bound,52.41
blelloch,64,131072,0.427661,229.675,537.048,memory-bound,26.34
hillis_steele,64,131072,1.070826,852.696,796.297,memory-bound,39.05
warp_shuffle,256,1024,4.308232,372.141,86.379,memory-bound,4.24
blelloch,256,1024,1.115308,70.665,63.360,memory-bound,3.11
hillis_steele,256,1024,3.351027,286.168,85.397,memory-bound,4.19
warp_shuffle,256,2048,2.287781,585.743,256.031,memory-bound,12.56
blelloch,256,2048,0.871507,122.968,141.098,memory-bound,6.92
hillis_steele,256,2048,2.366507,457.410,193.285,memory-bound,9.48
warp_shuffle,256,4096,1.706976,741.688,434.504,memory-bound,21.31
blelloch,256,4096,0.801586,184.806,230.550,memory-bound,11.31
hillis_steele,256,4096,2.084304,681.365,326.903,memory-bound,16.03
warp_shuffle,256,8192,1.303179,878.554,674.162,memory-bound,33.06
blelloch,256,8192,0.682854,218.651,320.202,memory-bound,15.70
hillis_steele,256,8192,1.740018,820.839,471.741,memory-bound,23.14
warp_shuffle,256,16384,0.915066,755.483,825.605,memory-bound,40.49
blelloch,256,16384,0.507766,216.955,427.273,memory-bound,20.96
hillis_steele,256,16384,1.282652,807.007,629.171,memory-bound,30.86
warp_shuffle,256,32768,0.753847,797.081,1057.351,memory-bound,51.86
blelloch,256,32768,0.431044,227.807,528.502,memory-bound,25.92
hillis_steele,256,32768,1.083075,854.424,788.887,memory-bound,38.69
warp_shuffle,256,65536,0.690884,827.890,1198.304,memory-bound,58.77
blelloch,256,65536,0.400894,235.937,588.527,memory-bound,28.86
hillis_steele,256,65536,1.005224,881.977,877.393,memory-bound,43.03
warp_shuffle,256,131072,0.662598,837.303,1263.666,memory-bound,61.97
blelloch,256,131072,0.387375,197.310,509.352,memory-bound,24.98
hillis_steele,256,131072,0.970066,772.831,796.679,memory-bound,39.07
warp_shuffle,512,1024,4.322099,639.030,147.852,memory-bound,7.25
blelloch,512,1024,1.119033,107.833,96.363,memory-bound,4.73
hillis_steele,512,1024,3.359679,451.445,134.371,memory-bound,6.59
warp_shuffle,512,2048,2.290055,823.351,359.533,memory-bound,17.63
blelloch,512,2048,0.872302,170.921,195.942,memory-bound,9.61
hillis_steele,512,2048,2.367635,641.946,271.134,memory-bound,13.30
warp_shuffle,512,4096,1.496342,957.280,639.746,memory-bound,31.38
blelloch,512,4096,0.699648,210.438,300.777,memory-bound,14.75
hillis_steele,512,4096,1.825682,805.275,441.082,memory-bound,21.63
warp_shuffle,512,8192,0.996931,795.363,797.812,memory-bound,39.13
blelloch,512,8192,0.522651,215.559,412.433,memory-bound,20.23
hillis_steele,512,8192,1.332720,807.192,605.672,memory-bound,29.70
warp_shuffle,512,16384,0.784403,823.048,1049.267,memory-bound,51.46
blelloch,512,16384,0.435501,227.254,521.823,memory-bound,25.59
hillis_steele,512,16384,1.100025,848.339,771.200,memory-bound,37.82
warp_shuffle,512,32768,0.704278,841.367,1194.652,memory-bound,58.59
blelloch,512,32768,0.402666,234.419,582.167,memory-bound,28.55
hillis_steele,512,32768,1.011721,883.389,873.154,memory-bound,42.82
warp_shuffle,512,65536,0.669012,842.484,1259.295,memory-bound,61.76
blelloch,512,65536,0.388196,238.504,614.391,memory-bound,30.13
hillis_steele,512,65536,0.973221,896.469,921.136,memory-bound,45.18
warp_shuffle,512,131072,0.652381,845.875,1296.596,memory-bound,63.59
blelloch,512,131072,0.381368,236.835,621.013,memory-bound,30.46
hillis_steele,512,131072,0.954969,829.872,869.004,memory-bound,42.62

=== FULL PER-RUN UTILIZATION TABLE ===
kernel,D,L,occ_pct,warp_eff_pct,sm_util_pct,dram_util_pct,bw_util_pct,resident_warps,regs_per_thread,block_size,shared_mem_B,l1_hit_pct,l2_hit_pct,utilization_bound
warp_shuffle,1,1024,48.06,NA,0.12,0.12,0.12,30.76,22.00,1024.00,17792.00,NA,NA,mixed
blelloch,1,1024,48.86,NA,0.18,0.09,0.09,31.27,25.00,1024.00,17536.00,NA,NA,mixed
hillis_steele,1,1024,48.49,NA,0.17,0.10,0.10,31.03,18.00,1024.00,17536.00,NA,NA,mixed
warp_shuffle,1,2048,47.74,NA,0.19,0.19,0.19,30.55,22.00,1024.00,17792.00,NA,NA,mixed
blelloch,1,2048,48.68,NA,0.32,0.14,0.14,31.16,25.00,1024.00,17536.00,NA,NA,mixed
hillis_steele,1,2048,48.36,NA,0.31,0.16,0.16,30.95,18.00,1024.00,17536.00,NA,NA,mixed
warp_shuffle,1,4096,47.63,NA,0.35,0.35,0.35,30.48,22.00,1024.00,17792.00,NA,NA,mixed
blelloch,1,4096,48.62,NA,0.61,0.25,0.25,31.12,25.00,1024.00,17536.00,NA,NA,mixed
hillis_steele,1,4096,48.36,NA,0.60,0.30,0.30,30.95,18.00,1024.00,17536.00,NA,NA,mixed
warp_shuffle,1,8192,47.62,NA,0.67,0.68,0.68,30.48,22.00,1024.00,17792.00,NA,NA,mixed
blelloch,1,8192,48.70,NA,1.15,0.47,0.47,31.17,25.00,1024.00,17536.00,NA,NA,mixed
hillis_steele,1,8192,48.33,NA,1.18,0.57,0.57,30.93,18.00,1024.00,17536.00,NA,NA,mixed
warp_shuffle,1,16384,47.59,NA,1.23,1.26,1.26,30.46,22.00,1024.00,17792.00,NA,NA,mixed
blelloch,1,16384,48.71,NA,2.20,0.90,0.90,31.18,25.00,1024.00,17536.00,NA,NA,mixed
hillis_steele,1,16384,48.42,NA,2.19,1.06,1.06,30.99,18.00,1024.00,17536.00,NA,NA,mixed
warp_shuffle,1,32768,47.73,NA,2.49,2.58,2.58,30.55,22.00,1024.00,17792.00,NA,NA,mixed
blelloch,1,32768,48.80,NA,4.25,1.72,1.72,31.23,25.00,1024.00,17536.00,NA,NA,mixed
hillis_steele,1,32768,48.61,NA,4.36,2.10,2.10,31.11,18.00,1024.00,17536.00,NA,NA,mixed
warp_shuffle,1,65536,47.66,NA,4.82,4.94,4.94,30.50,22.00,1024.00,17792.00,NA,NA,mixed
blelloch,1,65536,48.76,NA,8.38,3.37,3.37,31.21,25.00,1024.00,17536.00,NA,NA,compute-bound
hillis_steele,1,65536,48.65,NA,8.49,4.06,4.06,31.14,18.00,1024.00,17536.00,NA,NA,mixed
warp_shuffle,1,131072,53.88,NA,8.17,8.38,8.38,34.48,22.00,1024.00,17792.00,NA,NA,mixed
blelloch,1,131072,55.67,NA,12.55,5.00,5.00,35.63,25.00,1024.00,17536.00,NA,NA,compute-bound
hillis_steele,1,131072,54.69,NA,13.49,6.60,6.60,35.00,18.00,1024.00,17536.00,NA,NA,compute-bound
warp_shuffle,16,1024,47.69,NA,2.05,0.80,0.80,30.52,22.00,1024.00,17792.00,NA,NA,mixed
blelloch,16,1024,48.65,NA,2.85,0.58,0.58,31.14,25.00,1024.00,17536.00,NA,NA,mixed
hillis_steele,16,1024,48.32,NA,2.80,0.70,0.70,30.93,18.00,1024.00,17536.00,NA,NA,mixed
warp_shuffle,16,2048,47.58,NA,3.10,2.02,2.02,30.45,22.00,1024.00,17792.00,NA,NA,mixed
blelloch,16,2048,48.59,NA,4.99,1.46,1.46,31.10,25.00,1024.00,17536.00,NA,NA,mixed
hillis_steele,16,2048,48.18,NA,5.01,1.77,1.77,30.84,18.00,1024.00,17536.00,NA,NA,mixed
warp_shuffle,16,4096,47.52,NA,5.46,4.50,4.50,30.41,22.00,1024.00,17792.00,NA,NA,mixed
blelloch,16,4096,48.58,NA,9.32,3.16,3.16,31.09,25.00,1024.00,17536.00,NA,NA,compute-bound
hillis_steele,16,4096,48.27,NA,9.35,3.82,3.82,30.89,18.00,1024.00,17536.00,NA,NA,compute-bound
warp_shuffle,16,8192,53.56,NA,8.86,8.12,8.12,34.28,22.00,1024.00,17792.00,NA,NA,mixed
blelloch,16,8192,55.80,NA,13.72,5.07,5.07,35.72,25.00,1024.00,17536.00,NA,NA,compute-bound
hillis_steele,16,8192,54.72,NA,14.72,6.53,6.53,35.02,18.00,1024.00,17536.00,NA,NA,compute-bound
warp_shuffle,16,16384,76.09,NA,13.59,13.19,13.19,48.70,22.00,1024.00,17792.00,NA,NA,mixed
blelloch,16,16384,78.92,NA,20.50,8.00,8.00,50.51,25.00,1024.00,17536.00,NA,NA,compute-bound
hillis_steele,16,16384,77.25,NA,22.98,10.55,10.55,49.44,18.00,1024.00,17536.00,NA,NA,compute-bound
warp_shuffle,16,32768,77.90,NA,21.01,21.33,21.33,49.85,22.00,1024.00,17792.00,NA,NA,mixed
blelloch,16,32768,83.58,NA,29.02,11.56,11.56,53.49,25.00,1024.00,17536.00,NA,NA,compute-bound
hillis_steele,16,32768,80.71,NA,34.14,16.27,16.27,51.66,18.00,1024.00,17536.00,NA,NA,compute-bound
warp_shuffle,16,65536,80.26,NA,28.81,29.97,29.97,51.37,22.00,1024.00,17792.00,NA,NA,mixed
blelloch,16,65536,87.96,NA,34.54,13.99,13.99,56.29,25.00,1024.00,17536.00,NA,NA,compute-bound
hillis_steele,16,65536,84.79,NA,42.64,20.90,20.90,54.27,18.00,1024.00,17536.00,NA,NA,compute-bound
warp_shuffle,16,131072,82.05,NA,35.48,42.88,42.88,52.51,22.00,1024.00,17792.00,NA,NA,memory-bound
blelloch,16,131072,90.58,NA,39.72,18.51,18.51,57.97,25.00,1024.00,17536.00,NA,NA,compute-bound
hillis_steele,16,131072,87.57,NA,50.64,28.18,28.18,56.05,18.00,1024.00,17536.00,NA,NA,compute-bound
warp_shuffle,64,1024,47.72,NA,7.97,2.87,2.87,30.54,22.00,1024.00,17792.00,NA,NA,compute-bound
blelloch,64,1024,48.64,NA,11.07,2.07,2.07,31.13,25.00,1024.00,17536.00,NA,NA,compute-bound
hillis_steele,64,1024,48.33,NA,10.83,2.53,2.53,30.93,18.00,1024.00,17536.00,NA,NA,compute-bound
warp_shuffle,64,2048,53.91,NA,10.59,6.69,6.69,34.50,22.00,1024.00,17792.00,NA,NA,mixed
blelloch,64,2048,56.25,NA,14.93,4.31,4.31,36.00,25.00,1024.00,17536.00,NA,NA,compute-bound
hillis_steele,64,2048,55.10,NA,16.35,5.56,5.56,35.26,18.00,1024.00,17536.00,NA,NA,compute-bound
warp_shuffle,64,4096,74.42,NA,15.31,12.36,12.36,47.63,22.00,1024.00,17792.00,NA,NA,mixed
blelloch,64,4096,79.09,NA,22.34,7.56,7.56,50.61,25.00,1024.00,17536.00,NA,NA,compute-bound
hillis_steele,64,4096,76.69,NA,24.92,9.95,9.95,49.08,18.00,1024.00,17536.00,NA,NA,compute-bound
warp_shuffle,64,8192,77.49,NA,22.65,21.00,21.00,49.59,22.00,1024.00,17792.00,NA,NA,mixed
blelloch,64,8192,84.03,NA,30.37,11.39,11.39,53.78,25.00,1024.00,17536.00,NA,NA,compute-bound
hillis_steele,64,8192,80.79,NA,35.75,15.76,15.76,51.70,18.00,1024.00,17536.00,NA,NA,compute-bound
warp_shuffle,64,16384,79.96,NA,29.87,29.27,29.27,51.18,22.00,1024.00,17792.00,NA,NA,mixed
blelloch,64,16384,88.25,NA,35.44,13.85,13.85,56.48,25.00,1024.00,17536.00,NA,NA,compute-bound
hillis_steele,64,16384,84.78,NA,43.35,20.35,20.35,54.26,18.00,1024.00,17536.00,NA,NA,compute-bound
warp_shuffle,64,32768,81.95,NA,36.34,42.84,42.84,52.45,22.00,1024.00,17792.00,NA,NA,memory-bound
blelloch,64,32768,90.78,NA,40.24,18.42,18.42,58.10,25.00,1024.00,17536.00,NA,NA,compute-bound
hillis_steele,64,32768,87.65,NA,51.48,28.42,28.42,56.10,18.00,1024.00,17536.00,NA,NA,compute-bound
warp_shuffle,64,65536,84.32,NA,37.02,59.90,59.90,53.97,22.00,1024.00,17792.00,NA,NA,memory-bound
blelloch,64,65536,92.53,NA,41.20,25.67,25.67,59.22,25.00,1024.00,17536.00,NA,NA,compute-bound
hillis_steele,64,65536,89.76,NA,52.80,39.70,39.70,57.45,18.00,1024.00,17536.00,NA,NA,compute-bound
warp_shuffle,64,131072,85.97,NA,37.47,69.85,69.85,55.02,22.00,1024.00,17792.00,NA,NA,memory-bound
blelloch,64,131072,93.58,NA,41.55,29.84,29.84,59.89,25.00,1024.00,17536.00,NA,NA,compute-bound
hillis_steele,64,131072,91.10,NA,53.41,46.56,46.56,58.30,18.00,1024.00,17536.00,NA,NA,compute-bound
warp_shuffle,256,1024,83.65,NA,21.13,7.26,7.26,53.53,22.00,1024.00,17792.00,NA,NA,compute-bound
blelloch,256,1024,84.76,NA,24.86,4.57,4.57,54.25,25.00,1024.00,17536.00,NA,NA,compute-bound
hillis_steele,256,1024,83.94,NA,27.54,6.32,6.32,53.72,18.00,1024.00,17536.00,NA,NA,compute-bound
warp_shuffle,256,2048,82.44,NA,26.00,16.25,16.25,52.76,22.00,1024.00,17792.00,NA,NA,compute-bound
blelloch,256,2048,87.35,NA,32.05,9.00,9.00,55.90,25.00,1024.00,17536.00,NA,NA,compute-bound
hillis_steele,256,2048,84.79,NA,37.65,12.93,12.93,54.27,18.00,1024.00,17536.00,NA,NA,compute-bound
warp_shuffle,256,4096,83.85,NA,32.06,26.06,26.06,53.67,22.00,1024.00,17792.00,NA,NA,compute-bound
blelloch,256,4096,90.66,NA,36.26,12.40,12.40,58.02,25.00,1024.00,17536.00,NA,NA,compute-bound
hillis_steele,256,4096,88.01,NA,44.77,18.32,18.32,56.33,18.00,1024.00,17536.00,NA,NA,compute-bound
warp_shuffle,256,8192,84.32,NA,37.19,40.07,40.07,53.96,22.00,1024.00,17792.00,NA,NA,mixed
blelloch,256,8192,92.34,NA,40.78,17.47,17.47,59.10,25.00,1024.00,17536.00,NA,NA,compute-bound
hillis_steele,256,8192,89.75,NA,52.02,26.84,26.84,57.44,18.00,1024.00,17536.00,NA,NA,compute-bound
warp_shuffle,256,16384,85.57,NA,37.91,58.28,58.28,54.76,22.00,1024.00,17792.00,NA,NA,memory-bound
blelloch,256,16384,93.35,NA,41.55,24.65,24.65,59.74,25.00,1024.00,17536.00,NA,NA,compute-bound
hillis_steele,256,16384,90.85,NA,53.41,38.20,38.20,58.14,18.00,1024.00,17536.00,NA,NA,compute-bound
warp_shuffle,256,32768,86.72,NA,37.79,69.23,69.23,55.50,22.00,1024.00,17792.00,NA,NA,memory-bound
blelloch,256,32768,94.04,NA,41.73,29.49,29.49,60.19,25.00,1024.00,17536.00,NA,NA,compute-bound
hillis_steele,256,32768,91.73,NA,53.93,45.47,45.47,58.71,18.00,1024.00,17536.00,NA,NA,compute-bound
warp_shuffle,256,65536,87.19,NA,37.52,74.34,74.34,55.80,22.00,1024.00,17792.00,NA,NA,memory-bound
blelloch,256,65536,94.36,NA,41.77,31.84,31.84,60.39,25.00,1024.00,17536.00,NA,NA,compute-bound
hillis_steele,256,65536,92.06,NA,53.71,49.45,49.45,58.92,18.00,1024.00,17536.00,NA,NA,mixed
warp_shuffle,256,131072,87.35,NA,37.17,77.72,77.72,55.90,22.00,1024.00,17792.00,NA,NA,memory-bound
blelloch,256,131072,94.48,NA,41.70,33.50,33.50,60.47,25.00,1024.00,17536.00,NA,NA,compute-bound
hillis_steele,256,131072,92.18,NA,53.46,51.89,51.89,59.00,18.00,1024.00,17536.00,NA,NA,mixed
warp_shuffle,512,1024,83.41,NA,31.96,11.18,11.18,53.38,22.00,1024.00,17792.00,NA,NA,compute-bound
blelloch,512,1024,87.92,NA,34.47,6.32,6.32,56.27,25.00,1024.00,17536.00,NA,NA,compute-bound
hillis_steele,512,1024,85.55,NA,39.74,9.18,9.18,54.75,18.00,1024.00,17536.00,NA,NA,compute-bound
warp_shuffle,512,2048,83.14,NA,34.93,22.11,22.11,53.21,22.00,1024.00,17792.00,NA,NA,compute-bound
blelloch,512,2048,90.04,NA,37.54,10.76,10.76,57.62,25.00,1024.00,17536.00,NA,NA,compute-bound
hillis_steele,512,2048,87.17,NA,46.56,15.97,15.97,55.79,18.00,1024.00,17536.00,NA,NA,compute-bound
warp_shuffle,512,4096,83.96,NA,39.01,37.25,37.25,53.73,22.00,1024.00,17792.00,NA,NA,mixed
blelloch,512,4096,92.05,NA,41.41,16.38,16.38,58.91,25.00,1024.00,17536.00,NA,NA,compute-bound
hillis_steele,512,4096,89.34,NA,52.75,25.15,25.15,57.18,18.00,1024.00,17536.00,NA,NA,compute-bound
warp_shuffle,512,8192,85.31,NA,39.31,56.26,56.26,54.60,22.00,1024.00,17792.00,NA,NA,memory-bound
blelloch,512,8192,93.16,NA,42.17,23.79,23.79,59.62,25.00,1024.00,17536.00,NA,NA,compute-bound
hillis_steele,512,8192,90.57,NA,54.16,37.22,37.22,57.96,18.00,1024.00,17536.00,NA,NA,compute-bound
warp_shuffle,512,16384,86.56,NA,38.62,68.08,68.08,55.40,22.00,1024.00,17792.00,NA,NA,memory-bound
blelloch,512,16384,93.98,NA,42.05,28.95,28.95,60.15,25.00,1024.00,17536.00,NA,NA,compute-bound
hillis_steele,512,16384,91.61,NA,54.24,44.84,44.84,58.63,18.00,1024.00,17536.00,NA,NA,compute-bound
warp_shuffle,512,32768,87.15,NA,37.88,73.77,73.77,55.78,22.00,1024.00,17792.00,NA,NA,memory-bound
blelloch,512,32768,94.35,NA,42.00,31.47,31.47,60.38,25.00,1024.00,17536.00,NA,NA,compute-bound
hillis_steele,512,32768,92.01,NA,53.91,49.09,49.09,58.89,18.00,1024.00,17536.00,NA,NA,mixed
warp_shuffle,512,65536,87.33,NA,37.49,77.12,77.12,55.89,22.00,1024.00,17792.00,NA,NA,memory-bound
blelloch,512,65536,94.46,NA,41.83,33.27,33.27,60.46,25.00,1024.00,17536.00,NA,NA,compute-bound
hillis_steele,512,65536,92.19,NA,53.76,51.38,51.38,59.00,18.00,1024.00,17536.00,NA,NA,mixed
warp_shuffle,512,131072,87.53,NA,37.15,78.00,78.00,56.02,22.00,1024.00,17792.00,NA,NA,memory-bound
blelloch,512,131072,94.56,NA,41.81,33.67,33.67,60.52,25.00,1024.00,17536.00,NA,NA,compute-bound
hillis_steele,512,131072,92.29,NA,53.58,52.37,52.37,59.06,18.00,1024.00,17536.00,NA,NA,mixed

=== PHASE BREAKDOWN (gpu_time_duration shares) ===
kernel,D,L,phase1_time,phase2_time,phase3_time,other_time,total_time,phase1_pct,phase2_pct,phase3_pct,other_pct
warp_shuffle,1,1024,4992.0000,4416.0000,2656.0000,0.0000,12064.0000,41.38,36.60,22.02,0.00
blelloch,1,1024,9760.0000,4256.0000,2624.0000,0.0000,16640.0000,58.65,25.58,15.77,0.00
hillis_steele,1,1024,7008.0000,3872.0000,2752.0000,0.0000,13632.0000,51.41,28.40,20.19,0.00
warp_shuffle,1,2048,4896.0000,4512.0000,3616.0000,0.0000,13024.0000,37.59,34.64,27.76,0.00
blelloch,1,2048,9568.0000,4608.0000,3584.0000,0.0000,17760.0000,53.87,25.95,20.18,0.00
hillis_steele,1,2048,6688.0000,4224.0000,3584.0000,0.0000,14496.0000,46.14,29.14,24.72,0.00
warp_shuffle,1,4096,4736.0000,4416.0000,3616.0000,0.0000,12768.0000,37.09,34.59,28.32,0.00
blelloch,1,4096,9856.0000,4928.0000,3584.0000,0.0000,18368.0000,53.66,26.83,19.51,0.00
hillis_steele,1,4096,6720.0000,4544.0000,3616.0000,0.0000,14880.0000,45.16,30.54,24.30,0.00
warp_shuffle,1,8192,4832.0000,4224.0000,3712.0000,0.0000,12768.0000,37.84,33.08,29.07,0.00
blelloch,1,8192,9696.0000,5184.0000,3680.0000,0.0000,18560.0000,52.24,27.93,19.83,0.00
hillis_steele,1,8192,7040.0000,4640.0000,3712.0000,0.0000,15392.0000,45.74,30.15,24.12,0.00
warp_shuffle,1,16384,4992.0000,4768.0000,3840.0000,0.0000,13600.0000,36.71,35.06,28.24,0.00
blelloch,1,16384,9600.0000,5696.0000,3808.0000,0.0000,19104.0000,50.25,29.82,19.93,0.00
hillis_steele,1,16384,6944.0000,5248.0000,3808.0000,0.0000,16000.0000,43.40,32.80,23.80,0.00
warp_shuffle,1,32768,5024.0000,4448.0000,3840.0000,0.0000,13312.0000,37.74,33.41,28.85,0.00
blelloch,1,32768,9728.0000,6048.0000,3872.0000,0.0000,19648.0000,49.51,30.78,19.71,0.00
hillis_steele,1,32768,6944.0000,5312.0000,3744.0000,0.0000,16000.0000,43.40,33.20,23.40,0.00
warp_shuffle,1,65536,5120.0000,4192.0000,4064.0000,0.0000,13376.0000,38.28,31.34,30.38,0.00
blelloch,1,65536,10144.0000,6272.0000,4064.0000,0.0000,20480.0000,49.53,30.62,19.84,0.00
hillis_steele,1,65536,7200.0000,5344.0000,4000.0000,0.0000,16544.0000,43.52,32.30,24.18,0.00
warp_shuffle,1,131072,6560.0000,4512.0000,4864.0000,0.0000,15936.0000,41.16,28.31,30.52,0.00
blelloch,1,131072,15456.0000,6944.0000,4800.0000,0.0000,27200.0000,56.82,25.53,17.65,0.00
hillis_steele,1,131072,10016.0000,5888.0000,4960.0000,0.0000,20864.0000,48.01,28.22,23.77,0.00
warp_shuffle,16,1024,4960.0000,4160.0000,2432.0000,0.0000,11552.0000,42.94,36.01,21.05,0.00
blelloch,16,1024,9664.0000,4128.0000,2432.0000,0.0000,16224.0000,59.57,25.44,14.99,0.00
hillis_steele,16,1024,6880.0000,3584.0000,2400.0000,0.0000,12864.0000,53.48,27.86,18.66,0.00
warp_shuffle,16,2048,4960.0000,4160.0000,3776.0000,0.0000,12896.0000,38.46,32.26,29.28,0.00
blelloch,16,2048,9664.0000,4320.0000,3808.0000,0.0000,17792.0000,54.32,24.28,21.40,0.00
hillis_steele,16,2048,6944.0000,3904.0000,3872.0000,0.0000,14720.0000,47.17,26.52,26.30,0.00
warp_shuffle,16,4096,5184.0000,4288.0000,3936.0000,0.0000,13408.0000,38.66,31.98,29.36,0.00
blelloch,16,4096,9888.0000,4896.0000,3936.0000,0.0000,18720.0000,52.82,26.15,21.03,0.00
hillis_steele,16,4096,7136.0000,4416.0000,3936.0000,0.0000,15488.0000,46.07,28.51,25.41,0.00
warp_shuffle,16,8192,6752.0000,4288.0000,4736.0000,0.0000,15776.0000,42.80,27.18,30.02,0.00
blelloch,16,8192,15168.0000,5248.0000,4768.0000,0.0000,25184.0000,60.23,20.84,18.93,0.00
hillis_steele,16,8192,9920.0000,4736.0000,4672.0000,0.0000,19328.0000,51.32,24.50,24.17,0.00
warp_shuffle,16,16384,9248.0000,4352.0000,6208.0000,0.0000,19808.0000,46.69,21.97,31.34,0.00
blelloch,16,16384,21088.0000,5664.0000,6176.0000,0.0000,32928.0000,64.04,17.20,18.76,0.00
hillis_steele,16,16384,13408.0000,5120.0000,6112.0000,0.0000,24640.0000,54.42,20.78,24.81,0.00
warp_shuffle,16,32768,12192.0000,4448.0000,7936.0000,0.0000,24576.0000,49.61,18.10,32.29,0.00
blelloch,16,32768,31680.0000,6144.0000,8256.0000,0.0000,46080.0000,68.75,13.33,17.92,0.00
hillis_steele,16,32768,19392.0000,5216.0000,8000.0000,0.0000,32608.0000,59.47,16.00,24.53,0.00
warp_shuffle,16,65536,19392.0000,4384.0000,12224.0000,0.0000,36000.0000,53.87,12.18,33.96,0.00
blelloch,16,65536,58784.0000,6368.0000,12512.0000,0.0000,77664.0000,75.69,8.20,16.11,0.00
hillis_steele,16,65536,34208.0000,5504.0000,12320.0000,0.0000,52032.0000,65.74,10.58,23.68,0.00
warp_shuffle,16,131072,33856.0000,4416.0000,19680.0000,0.0000,57952.0000,58.42,7.62,33.96,0.00
blelloch,16,131072,107712.0000,6880.0000,19680.0000,0.0000,134272.0000,80.22,5.12,14.66,0.00
hillis_steele,16,131072,61376.0000,5888.0000,19328.0000,0.0000,86592.0000,70.88,6.80,22.32,0.00
warp_shuffle,64,1024,5216.0000,4384.0000,2496.0000,0.0000,12096.0000,43.12,36.24,20.63,0.00
blelloch,64,1024,9824.0000,4160.0000,2624.0000,0.0000,16608.0000,59.15,25.05,15.80,0.00
hillis_steele,64,1024,7232.0000,3968.0000,2624.0000,0.0000,13824.0000,52.31,28.70,18.98,0.00
warp_shuffle,64,2048,6912.0000,4256.0000,4416.0000,0.0000,15584.0000,44.35,27.31,28.34,0.00
blelloch,64,2048,15232.0000,4384.0000,4480.0000,0.0000,24096.0000,63.21,18.19,18.59,0.00
hillis_steele,64,2048,9952.0000,4000.0000,4320.0000,0.0000,18272.0000,54.47,21.89,23.64,0.00
warp_shuffle,64,4096,9088.0000,4288.0000,5152.0000,0.0000,18528.0000,49.05,23.14,27.81,0.00
blelloch,64,4096,21280.0000,4768.0000,5280.0000,0.0000,31328.0000,67.93,15.22,16.85,0.00
hillis_steele,64,4096,13568.0000,4544.0000,5280.0000,0.0000,23392.0000,58.00,19.43,22.57,0.00
warp_shuffle,64,8192,12160.0000,4384.0000,7680.0000,0.0000,24224.0000,50.20,18.10,31.70,0.00
blelloch,64,8192,31840.0000,5344.0000,7616.0000,0.0000,44800.0000,71.07,11.93,17.00,0.00
hillis_steele,64,8192,19520.0000,4992.0000,7456.0000,0.0000,31968.0000,61.06,15.62,23.32,0.00
warp_shuffle,64,16384,19424.0000,4480.0000,11808.0000,0.0000,35712.0000,54.39,12.54,33.06,0.00
blelloch,64,16384,58688.0000,5664.0000,11904.0000,0.0000,76256.0000,76.96,7.43,15.61,0.00
hillis_steele,64,16384,34080.0000,5248.0000,11584.0000,0.0000,50912.0000,66.94,10.31,22.75,0.00
warp_shuffle,64,32768,33312.0000,4448.0000,19296.0000,0.0000,57056.0000,58.38,7.80,33.82,0.00
blelloch,64,32768,106688.0000,6208.0000,19200.0000,0.0000,132096.0000,80.77,4.70,14.53,0.00
hillis_steele,64,32768,61312.0000,5472.0000,19232.0000,0.0000,86016.0000,71.28,6.36,22.36,0.00
warp_shuffle,64,65536,63392.0000,4512.0000,42688.0000,0.0000,110592.0000,57.32,4.08,38.60,0.00
blelloch,64,65536,210208.0000,6464.0000,42656.0000,0.0000,259328.0000,81.06,2.49,16.45,0.00
hillis_steele,64,65536,118272.0000,5696.0000,42496.0000,0.0000,166464.0000,71.05,3.42,25.53,0.00
warp_shuffle,64,131072,121888.0000,4480.0000,90784.0000,0.0000,217152.0000,56.13,2.06,41.81,0.00
blelloch,64,131072,411584.0000,6912.0000,91040.0000,0.0000,509536.0000,80.78,1.36,17.87,0.00
hillis_steele,64,131072,231264.0000,6048.0000,91264.0000,0.0000,328576.0000,70.38,1.84,27.78,0.00
warp_shuffle,256,1024,9056.0000,6464.0000,2816.0000,0.0000,18336.0000,49.39,35.25,15.36,0.00
blelloch,256,1024,21120.0000,5760.0000,2848.0000,0.0000,29728.0000,71.04,19.38,9.58,0.00
hillis_steele,256,1024,13504.0000,5184.0000,2880.0000,0.0000,21568.0000,62.61,24.04,13.35,0.00
warp_shuffle,256,2048,12416.0000,6336.0000,6144.0000,0.0000,24896.0000,49.87,25.45,24.68,0.00
blelloch,256,2048,31616.0000,6784.0000,6016.0000,0.0000,44416.0000,71.18,15.27,13.54,0.00
hillis_steele,256,2048,19168.0000,5888.0000,6080.0000,0.0000,31136.0000,61.56,18.91,19.53,0.00
warp_shuffle,256,4096,19296.0000,6528.0000,10272.0000,0.0000,36096.0000,53.46,18.09,28.46,0.00
blelloch,256,4096,58272.0000,7424.0000,10400.0000,0.0000,76096.0000,76.58,9.76,13.67,0.00
hillis_steele,256,4096,34112.0000,6752.0000,10464.0000,0.0000,51328.0000,66.46,13.15,20.39,0.00
warp_shuffle,256,8192,33280.0000,6592.0000,17824.0000,0.0000,57696.0000,57.68,11.43,30.89,0.00
blelloch,256,8192,106752.0000,8384.0000,18112.0000,0.0000,133248.0000,80.12,6.29,13.59,0.00
hillis_steele,256,8192,61312.0000,7424.0000,17824.0000,0.0000,86560.0000,70.83,8.58,20.59,0.00
warp_shuffle,256,16384,63360.0000,6656.0000,40384.0000,0.0000,110400.0000,57.39,6.03,36.58,0.00
blelloch,256,16384,208736.0000,9376.0000,40224.0000,0.0000,258336.0000,80.80,3.63,15.57,0.00
hillis_steele,256,16384,119648.0000,8320.0000,40320.0000,0.0000,168288.0000,71.10,4.94,23.96,0.00
warp_shuffle,256,32768,121760.0000,6720.0000,89120.0000,0.0000,217600.0000,55.96,3.09,40.96,0.00
blelloch,256,32768,411776.0000,9952.0000,88928.0000,0.0000,510656.0000,80.64,1.95,17.41,0.00
hillis_steele,256,32768,232960.0000,8384.0000,88576.0000,0.0000,329920.0000,70.61,2.54,26.85,0.00
warp_shuffle,256,65536,242016.0000,6624.0000,186048.0000,0.0000,434688.0000,55.68,1.52,42.80,0.00
blelloch,256,65536,818240.0000,10912.0000,186016.0000,0.0000,1015168.0000,80.60,1.07,18.32,0.00
hillis_steele,256,65536,457984.0000,9248.0000,186272.0000,0.0000,653504.0000,70.08,1.42,28.50,0.00
warp_shuffle,256,131072,475488.0000,7040.0000,392160.0000,0.0000,874688.0000,54.36,0.80,44.83,0.00
blelloch,256,131072,1624448.0000,12128.0000,392480.0000,0.0000,2029056.0000,80.06,0.60,19.34,0.00
hillis_steele,256,131072,906176.0000,9952.0000,393440.0000,0.0000,1309568.0000,69.20,0.76,30.04,0.00
warp_shuffle,512,1024,12320.0000,8640.0000,3296.0000,0.0000,24256.0000,50.79,35.62,13.59,0.00
blelloch,512,1024,31808.0000,7904.0000,3264.0000,0.0000,42976.0000,74.01,18.39,7.59,0.00
hillis_steele,512,1024,19296.0000,6784.0000,3264.0000,0.0000,29344.0000,65.76,23.12,11.12,0.00
warp_shuffle,512,2048,19136.0000,8800.0000,8512.0000,0.0000,36448.0000,52.50,24.14,23.35,0.00
blelloch,512,2048,58208.0000,8864.0000,8416.0000,0.0000,75488.0000,77.11,11.74,11.15,0.00
hillis_steele,512,2048,34080.0000,7776.0000,8256.0000,0.0000,50112.0000,68.01,15.52,16.48,0.00
warp_shuffle,512,4096,33376.0000,8832.0000,16192.0000,0.0000,58400.0000,57.15,15.12,27.73,0.00
blelloch,512,4096,107040.0000,10336.0000,16480.0000,0.0000,133856.0000,79.97,7.72,12.31,0.00
hillis_steele,512,4096,61248.0000,9024.0000,16352.0000,0.0000,86624.0000,70.71,10.42,18.88,0.00
warp_shuffle,512,8192,63232.0000,8640.0000,37440.0000,0.0000,109312.0000,57.85,7.90,34.25,0.00
blelloch,512,8192,208832.0000,11616.0000,37440.0000,0.0000,257888.0000,80.98,4.50,14.52,0.00
hillis_steele,512,8192,118272.0000,10208.0000,37728.0000,0.0000,166208.0000,71.16,6.14,22.70,0.00
warp_shuffle,512,16384,121824.0000,8704.0000,85600.0000,0.0000,216128.0000,56.37,4.03,39.61,0.00
blelloch,512,16384,411744.0000,12928.0000,85824.0000,0.0000,510496.0000,80.66,2.53,16.81,0.00
hillis_steele,512,16384,232672.0000,11136.0000,85696.0000,0.0000,329504.0000,70.61,3.38,26.01,0.00
warp_shuffle,512,32768,241888.0000,9088.0000,183616.0000,0.0000,434592.0000,55.66,2.09,42.25,0.00
blelloch,512,32768,818304.0000,13952.0000,183104.0000,0.0000,1015360.0000,80.59,1.37,18.03,0.00
hillis_steele,512,32768,457888.0000,11712.0000,184608.0000,0.0000,654208.0000,69.99,1.79,28.22,0.00
warp_shuffle,512,65536,477664.0000,9088.0000,391744.0000,0.0000,878496.0000,54.37,1.03,44.59,0.00
blelloch,512,65536,1624256.0000,15392.0000,390560.0000,0.0000,2030208.0000,80.00,0.76,19.24,0.00
hillis_steele,512,65536,911776.0000,12704.0000,389664.0000,0.0000,1314144.0000,69.38,0.97,29.65,0.00
warp_shuffle,512,131072,952704.0000,9312.0000,790816.0000,0.0000,1752832.0000,54.35,0.53,45.12,0.00
blelloch,512,131072,3242592.0000,17248.0000,788032.0000,0.0000,4047872.0000,80.11,0.43,19.47,0.00
hillis_steele,512,131072,1811392.0000,13984.0000,789920.0000,0.0000,2615296.0000,69.26,0.53,30.20,0.00

=== OCCUPANCY/REGISTER SUMMARY (avg over L) ===
kernel,D,occ_pct_avg,resident_warps_avg,warp_eff_avg,regs_peak_avg,block_size_avg,shared_mem_B_avg,sm_util_avg,dram_util_avg,bw_util_avg
warp_shuffle,1,48.49,31.03,NA,22.00,1024.00,17792.00,2.25,2.31,2.31
blelloch,1,49.60,31.74,NA,25.00,1024.00,17536.00,3.70,1.49,1.49
hillis_steele,1,49.24,31.51,NA,18.00,1024.00,17536.00,3.85,1.87,1.87
warp_shuffle,16,64.08,41.01,NA,22.00,1024.00,17792.00,14.80,15.35,15.35
blelloch,16,67.83,43.41,NA,25.00,1024.00,17536.00,19.33,7.79,7.79
hillis_steele,16,66.23,42.39,NA,18.00,1024.00,17536.00,22.79,11.09,11.09
warp_shuffle,64,73.22,46.86,NA,22.00,1024.00,17792.00,24.65,30.60,30.60
blelloch,64,79.14,50.65,NA,25.00,1024.00,17536.00,29.64,14.14,14.14
hillis_steele,64,76.78,49.14,NA,18.00,1024.00,17536.00,36.11,21.11,21.11
warp_shuffle,256,85.13,54.49,NA,22.00,1024.00,17792.00,33.35,46.15,46.15
blelloch,256,91.42,58.51,NA,25.00,1024.00,17536.00,37.59,20.37,20.37
hillis_steele,256,89.16,57.07,NA,18.00,1024.00,17536.00,47.06,31.18,31.18
warp_shuffle,512,85.55,54.75,NA,22.00,1024.00,17792.00,37.04,52.97,52.97
blelloch,512,92.57,59.24,NA,25.00,1024.00,17536.00,40.41,23.07,23.07
hillis_steele,512,90.09,57.66,NA,18.00,1024.00,17536.00,51.09,35.65,35.65

=== CROSSOVER ANALYSIS (hillis_steele / blelloch) ===
D=1: crosses between L=16384 and L=32768
  L=1024: 0.8125; L=2048: 0.8235; L=4096: 0.8824; L=8192: 0.8824; L=16384: 0.8333; L=32768: 1.0156; L=65536: 0.9008; L=131072: 0.8571
D=16: hillis_steele faster than blelloch for all tested L
  L=1024: 0.8750; L=2048: 0.7684; L=4096: 0.8543; L=8192: 0.7703; L=16384: 0.7921; L=32768: 0.7708; L=65536: 0.7245; L=131072: 0.6630
D=64: hillis_steele faster than blelloch for all tested L
  L=1024: 0.9195; L=2048: 0.8922; L=4096: 0.8134; L=8192: 0.6808; L=16384: 0.6802; L=32768: 0.6717; L=65536: 0.6897; L=131072: 0.6745
D=256: hillis_steele faster than blelloch for all tested L
  L=1024: 0.7411; L=2048: 0.7298; L=4096: 0.7053; L=8192: 0.6789; L=16384: 0.6786; L=32768: 0.6699; L=65536: 0.6706; L=131072: 0.6393
D=512: hillis_steele faster than blelloch for all tested L
  L=1024: 0.7169; L=2048: 0.7228; L=4096: 0.6795; L=8192: 0.6806; L=16384: 0.6762; L=32768: 0.6667; L=65536: 0.6669; L=131072: 0.7146

=== OUTPUT FILES ===
merged_metrics_csv: /content/EE451_ParallelPrefixScanProject/Results/profile_run_colab_20260428_223528/merged_metrics.csv
kernel_launch_metrics_csv: /content/EE451_ParallelPrefixScanProject/Results/profile_run_colab_20260428_223528/kernel_launch_metrics.csv
phase_breakdown_csv: /content/EE451_ParallelPrefixScanProject/Results/profile_run_colab_20260428_223528/phase_breakdown.csv
occupancy_summary_csv: /content/EE451_ParallelPrefixScanProject/Results/profile_run_colab_20260428_223528/occupancy_summary.csv
crossover_summary_csv: /content/EE451_ParallelPrefixScanProject/Results/profile_run_colab_20260428_223528/crossover_summary.csv
