=== SSM PREFIX SCAN METRICS REPORT ===
timing_csv: Results/profile_run_colab_20260428_201442/timing.csv
raw_dir:    Results/profile_run_colab_20260428_201442/raw_ncu
out_dir:    Results/profile_run_colab_20260428_201442
peak_bw_gbs=2039.000 peak_fp32_gflops=19500.000

=== PERFORMANCE TABLES (time_ms) ===
D=1
L,warp_shuffle,blelloch,hillis_steele
1024,0.0154,0.0164,0.0133
2048,0.0133,0.0174,0.0143
4096,0.0133,0.0174,0.0154
8192,0.0133,0.0174,0.0154
16384,0.0133,0.0184,0.0154
32768,0.0168,0.0209,0.0195
65536,0.0196,0.0265,0.0239
131072,0.0210,0.0292,0.0231

D=16
L,warp_shuffle,blelloch,hillis_steele
1024,0.0123,0.0164,0.0143
2048,0.0155,0.0210,0.0227
4096,0.0215,0.0260,0.0218
8192,0.0196,0.0264,0.0244
16384,0.0235,0.0339,0.0284
32768,0.0283,0.0412,0.0323
65536,0.0329,0.0640,0.0467
131072,0.0513,0.1110,0.0760

D=64
L,warp_shuffle,blelloch,hillis_steele
1024,0.0198,0.0253,0.0214
2048,0.0206,0.0283,0.0232
4096,0.0226,0.0319,0.0257
8192,0.0240,0.0451,0.0296
16384,0.0326,0.0655,0.0462
32768,0.0528,0.1129,0.0739
65536,0.1217,0.2297,0.1571
131072,0.2191,0.4360,0.2945

D=256
L,warp_shuffle,blelloch,hillis_steele
1024,0.0229,0.0342,0.0271
2048,0.0302,0.0430,0.0315
4096,0.0342,0.0646,0.0442
8192,0.0523,0.1109,0.0753
16384,0.1183,0.2268,0.1560
32768,0.2180,0.4356,0.2973
65536,0.4208,0.8556,0.5703
131072,0.8850,1.6857,1.1257

D=512
L,warp_shuffle,blelloch,hillis_steele
1024,0.0272,0.0444,0.0318
2048,0.0327,0.0650,0.0439
4096,0.0533,0.1111,0.0744
8192,0.1186,0.2244,0.1554
16384,0.2185,0.4345,0.2946
32768,0.4203,0.8546,0.5685
65536,0.8211,1.6876,1.1216
131072,1.6527,3.3558,2.2322

=== ROOFLINE POINTS (all runs) ===
kernel,D,L,AI_flop_per_byte,GFLOP_s,DRAM_BW_GB_s,roofline_bound,roofline_eff_pct
warp_shuffle,1,1024,0.959715,1.025,1.068,memory-bound,0.05
blelloch,1,1024,0.561494,0.562,1.001,memory-bound,0.05
hillis_steele,1,1024,1.685215,2.077,1.233,memory-bound,0.06
warp_shuffle,1,2048,0.602331,2.597,4.311,memory-bound,0.21
blelloch,1,2048,0.374686,1.235,3.297,memory-bound,0.16
hillis_steele,1,2048,1.017163,4.072,4.003,memory-bound,0.20
warp_shuffle,1,4096,0.518219,5.425,10.469,memory-bound,0.51
blelloch,1,4096,0.330697,2.647,8.006,memory-bound,0.39
hillis_steele,1,4096,0.859895,7.802,9.073,memory-bound,0.44
warp_shuffle,1,8192,0.486426,11.083,22.784,memory-bound,1.12
blelloch,1,8192,0.314050,5.472,17.423,memory-bound,0.85
hillis_steele,1,8192,0.800416,15.805,19.746,memory-bound,0.97
warp_shuffle,1,16384,0.472424,22.399,47.413,memory-bound,2.33
blelloch,1,16384,0.306698,10.502,34.243,memory-bound,1.68
hillis_steele,1,16384,0.774188,31.813,41.092,memory-bound,2.02
warp_shuffle,1,32768,0.465862,35.618,76.456,memory-bound,3.75
blelloch,1,32768,0.303233,18.647,61.492,memory-bound,3.02
hillis_steele,1,32768,0.761863,50.228,65.928,memory-bound,3.23
warp_shuffle,1,65536,0.462676,61.188,132.248,memory-bound,6.49
blelloch,1,65536,0.301549,29.537,97.949,memory-bound,4.80
hillis_steele,1,65536,0.755912,82.059,108.556,memory-bound,5.32
warp_shuffle,1,131072,0.461107,114.867,249.111,memory-bound,12.22
blelloch,1,131072,0.300720,53.802,178.912,memory-bound,8.77
hillis_steele,1,131072,0.753016,170.413,226.308,memory-bound,11.10
warp_shuffle,16,1024,0.959715,20.504,21.365,memory-bound,1.05
blelloch,16,1024,0.561494,8.997,16.023,memory-bound,0.79
hillis_steele,16,1024,1.685215,30.860,18.312,memory-bound,0.90
warp_shuffle,16,2048,0.602331,35.638,59.167,memory-bound,2.90
blelloch,16,2048,0.374686,16.415,43.811,memory-bound,2.15
hillis_steele,16,2048,1.017163,41.227,40.531,memory-bound,1.99
warp_shuffle,16,4096,0.518219,53.734,103.690,memory-bound,5.09
blelloch,16,4096,0.330697,28.378,85.813,memory-bound,4.21
hillis_steele,16,4096,0.859895,87.985,102.320,memory-bound,5.02
warp_shuffle,16,8192,0.486426,120.335,247.387,memory-bound,12.13
blelloch,16,8192,0.314050,57.657,183.593,memory-bound,9.00
hillis_steele,16,8192,0.800416,159.085,198.752,memory-bound,9.75
warp_shuffle,16,16384,0.472424,203.396,430.538,memory-bound,21.12
blelloch,16,16384,0.306698,91.483,298.284,memory-bound,14.63
hillis_steele,16,16384,0.774188,275.137,355.387,memory-bound,17.43
warp_shuffle,16,32768,0.465862,338.714,727.069,memory-bound,35.66
blelloch,16,32768,0.303233,151.606,499.966,memory-bound,24.52
hillis_steele,16,32768,0.761863,486.335,638.349,memory-bound,31.31
warp_shuffle,16,65536,0.462676,585.305,1265.044,memory-bound,62.04
blelloch,16,65536,0.301549,195.887,649.600,memory-bound,31.86
hillis_steele,16,65536,0.755912,673.120,890.473,memory-bound,43.67
warp_shuffle,16,131072,0.461107,750.970,1628.626,memory-bound,79.87
blelloch,16,131072,0.300720,226.249,752.360,memory-bound,36.90
hillis_steele,16,131072,0.753016,828.092,1099.700,memory-bound,53.93
warp_shuffle,64,1024,0.959715,50.797,52.929,memory-bound,2.60
blelloch,64,1024,0.561494,23.265,41.434,memory-bound,2.03
hillis_steele,64,1024,1.685215,82.664,49.052,memory-bound,2.41
warp_shuffle,64,2048,0.602331,107.191,177.960,memory-bound,8.73
blelloch,64,2048,0.374686,48.707,129.993,memory-bound,6.38
hillis_steele,64,2048,1.017163,161.040,158.323,memory-bound,7.76
warp_shuffle,64,4096,0.518219,204.877,395.348,memory-bound,19.39
blelloch,64,4096,0.330697,92.449,279.559,memory-bound,13.71
hillis_steele,64,4096,0.859895,298.840,347.531,memory-bound,17.04
warp_shuffle,64,8192,0.486426,393.941,809.869,memory-bound,39.72
blelloch,64,8192,0.314050,135.298,430.818,memory-bound,21.13
hillis_steele,64,8192,0.800416,524.893,655.775,memory-bound,32.16
warp_shuffle,64,16384,0.472424,585.813,1240.016,memory-bound,60.81
blelloch,64,16384,0.306698,189.041,616.375,memory-bound,30.23
hillis_steele,64,16384,0.774188,676.322,873.589,memory-bound,42.84
warp_shuffle,64,32768,0.465862,726.695,1559.893,memory-bound,76.50
blelloch,64,32768,0.303233,221.284,729.749,memory-bound,35.79
hillis_steele,64,32768,0.761863,849.243,1114.692,memory-bound,54.67
warp_shuffle,64,65536,0.462676,632.247,1366.500,memory-bound,67.02
blelloch,64,65536,0.301549,218.288,723.889,memory-bound,35.50
hillis_steele,64,65536,0.755912,800.229,1058.627,memory-bound,51.92
warp_shuffle,64,131072,0.461107,703.363,1525.380,memory-bound,74.81
blelloch,64,131072,0.300720,230.501,766.497,memory-bound,37.59
hillis_steele,64,131072,0.753016,854.363,1134.588,memory-bound,55.64
warp_shuffle,256,1024,0.959715,175.699,183.074,memory-bound,8.98
blelloch,256,1024,0.561494,68.882,122.677,memory-bound,6.02
hillis_steele,256,1024,1.685215,260.858,154.792,memory-bound,7.59
warp_shuffle,256,2048,0.602331,292.958,486.373,memory-bound,23.85
blelloch,256,2048,0.374686,128.000,341.619,memory-bound,16.75
hillis_steele,256,2048,1.017163,474.610,466.602,memory-bound,22.88
warp_shuffle,256,4096,0.518219,540.966,1043.895,memory-bound,51.20
blelloch,256,4096,0.330697,182.609,552.194,memory-bound,27.08
hillis_steele,256,4096,0.859895,693.690,806.715,memory-bound,39.56
warp_shuffle,256,8192,0.486426,721.864,1484.017,memory-bound,72.78
blelloch,256,8192,0.314050,219.850,700.048,memory-bound,34.33
hillis_steele,256,8192,0.800416,825.374,1031.181,memory-bound,50.57
warp_shuffle,256,16384,0.472424,645.235,1365.795,memory-bound,66.98
blelloch,256,16384,0.306698,218.547,712.580,memory-bound,34.95
hillis_steele,256,16384,0.774188,802.040,1035.975,memory-bound,50.81
warp_shuffle,256,32768,0.465862,703.872,1510.903,memory-bound,74.10
blelloch,256,32768,0.303233,229.364,756.395,memory-bound,37.10
hillis_steele,256,32768,0.761863,844.125,1107.974,memory-bound,54.34
warp_shuffle,256,65536,0.462676,731.442,1580.896,memory-bound,77.53
blelloch,256,65536,0.301549,234.428,777.411,memory-bound,38.13
hillis_steele,256,65536,0.755912,881.680,1166.379,memory-bound,57.20
warp_shuffle,256,131072,0.461107,696.420,1510.323,memory-bound,74.07
blelloch,256,131072,0.300720,238.456,792.950,memory-bound,38.89
hillis_steele,256,131072,0.753016,894.145,1187.419,memory-bound,58.24
warp_shuffle,512,1024,0.959715,296.066,308.494,memory-bound,15.13
blelloch,512,1024,0.561494,106.278,189.278,memory-bound,9.28
hillis_steele,512,1024,1.685215,445.087,264.113,memory-bound,12.95
warp_shuffle,512,2048,0.602331,541.728,899.385,memory-bound,44.11
blelloch,512,2048,0.374686,169.406,452.128,memory-bound,22.17
hillis_steele,512,2048,1.017163,681.278,669.783,memory-bound,32.85
warp_shuffle,512,4096,0.518219,693.996,1339.195,memory-bound,65.68
blelloch,512,4096,0.330697,212.317,642.027,memory-bound,31.49
hillis_steele,512,4096,0.859895,825.026,959.449,memory-bound,47.05
warp_shuffle,512,8192,0.486426,636.767,1309.074,memory-bound,64.20
blelloch,512,8192,0.314050,217.342,692.062,memory-bound,33.94
hillis_steele,512,8192,0.800416,799.878,999.328,memory-bound,49.01
warp_shuffle,512,16384,0.472424,698.823,1479.228,memory-bound,72.55
blelloch,512,16384,0.306698,228.125,743.808,memory-bound,36.48
hillis_steele,512,16384,0.774188,849.352,1097.087,memory-bound,53.81
warp_shuffle,512,32768,0.465862,730.402,1567.851,memory-bound,76.89
blelloch,512,32768,0.303233,233.787,770.981,memory-bound,37.81
hillis_steele,512,32768,0.761863,882.991,1158.989,memory-bound,56.84
warp_shuffle,512,65536,0.462676,749.687,1620.329,memory-bound,79.47
blelloch,512,65536,0.301549,237.722,788.335,memory-bound,38.66
hillis_steele,512,65536,0.755912,896.597,1186.112,memory-bound,58.17
warp_shuffle,512,131072,0.461107,745.867,1617.558,memory-bound,79.33
blelloch,512,131072,0.300720,239.561,796.625,memory-bound,39.07
hillis_steele,512,131072,0.753016,901.823,1197.615,memory-bound,58.74

=== FULL PER-RUN UTILIZATION TABLE ===
kernel,D,L,occ_pct,warp_eff_pct,sm_util_pct,dram_util_pct,bw_util_pct,resident_warps,regs_per_thread,block_size,shared_mem_B,l1_hit_pct,l2_hit_pct,utilization_bound
warp_shuffle,1,1024,47.04,NA,0.12,0.12,0.12,30.11,22.00,1024.00,17792.00,NA,NA,mixed
blelloch,1,1024,48.83,NA,0.17,0.09,0.09,31.25,25.00,1024.00,17536.00,NA,NA,mixed
hillis_steele,1,1024,48.16,NA,0.17,0.10,0.10,30.82,18.00,1024.00,17536.00,NA,NA,mixed
warp_shuffle,1,2048,46.47,NA,0.19,0.20,0.20,29.74,22.00,1024.00,17792.00,NA,NA,mixed
blelloch,1,2048,48.91,NA,0.31,0.14,0.14,31.30,25.00,1024.00,17536.00,NA,NA,mixed
hillis_steele,1,2048,48.17,NA,0.31,0.17,0.17,30.83,18.00,1024.00,17536.00,NA,NA,mixed
warp_shuffle,1,4096,47.87,NA,0.35,0.35,0.35,30.64,22.00,1024.00,17792.00,NA,NA,mixed
blelloch,1,4096,48.20,NA,0.59,0.25,0.25,30.85,25.00,1024.00,17536.00,NA,NA,mixed
hillis_steele,1,4096,48.13,NA,0.59,0.30,0.30,30.81,18.00,1024.00,17536.00,NA,NA,mixed
warp_shuffle,1,8192,47.22,NA,0.67,0.69,0.69,30.22,22.00,1024.00,17792.00,NA,NA,mixed
blelloch,1,8192,49.35,NA,1.16,0.48,0.48,31.58,25.00,1024.00,17536.00,NA,NA,mixed
hillis_steele,1,8192,50.00,NA,1.15,0.57,0.57,32.00,18.00,1024.00,17536.00,NA,NA,mixed
warp_shuffle,1,16384,47.36,NA,1.26,1.31,1.31,30.31,22.00,1024.00,17792.00,NA,NA,mixed
blelloch,1,16384,48.40,NA,2.22,0.90,0.90,30.97,25.00,1024.00,17536.00,NA,NA,mixed
hillis_steele,1,16384,48.44,NA,2.21,1.08,1.08,31.00,18.00,1024.00,17536.00,NA,NA,mixed
warp_shuffle,1,32768,47.84,NA,2.50,2.54,2.54,30.62,22.00,1024.00,17792.00,NA,NA,mixed
blelloch,1,32768,49.10,NA,4.20,1.73,1.73,31.43,25.00,1024.00,17536.00,NA,NA,mixed
hillis_steele,1,32768,48.53,NA,4.33,2.11,2.11,31.06,18.00,1024.00,17536.00,NA,NA,mixed
warp_shuffle,1,65536,47.57,NA,4.80,4.97,4.97,30.45,22.00,1024.00,17792.00,NA,NA,mixed
blelloch,1,65536,49.09,NA,8.29,3.33,3.33,31.42,25.00,1024.00,17536.00,NA,NA,mixed
hillis_steele,1,65536,48.36,NA,8.31,4.09,4.09,30.95,18.00,1024.00,17536.00,NA,NA,mixed
warp_shuffle,1,131072,53.72,NA,8.11,8.41,8.41,34.38,22.00,1024.00,17792.00,NA,NA,mixed
blelloch,1,131072,55.42,NA,12.51,5.03,5.03,35.47,25.00,1024.00,17536.00,NA,NA,compute-bound
hillis_steele,1,131072,54.56,NA,13.36,6.57,6.57,34.92,18.00,1024.00,17536.00,NA,NA,compute-bound
warp_shuffle,16,1024,45.96,NA,2.08,0.78,0.78,29.41,22.00,1024.00,17792.00,NA,NA,mixed
blelloch,16,1024,49.52,NA,2.78,0.58,0.58,31.69,25.00,1024.00,17536.00,NA,NA,mixed
hillis_steele,16,1024,47.96,NA,2.80,0.71,0.71,30.69,18.00,1024.00,17536.00,NA,NA,mixed
warp_shuffle,16,2048,47.49,NA,3.11,2.02,2.02,30.39,22.00,1024.00,17792.00,NA,NA,mixed
blelloch,16,2048,48.90,NA,5.03,1.44,1.44,31.30,25.00,1024.00,17536.00,NA,NA,mixed
hillis_steele,16,2048,48.49,NA,5.08,1.80,1.80,31.03,18.00,1024.00,17536.00,NA,NA,mixed
warp_shuffle,16,4096,47.21,NA,5.35,4.41,4.41,30.22,22.00,1024.00,17792.00,NA,NA,mixed
blelloch,16,4096,47.50,NA,9.33,3.16,3.16,30.40,25.00,1024.00,17536.00,NA,NA,compute-bound
hillis_steele,16,4096,48.02,NA,9.32,3.84,3.84,30.74,18.00,1024.00,17536.00,NA,NA,compute-bound
warp_shuffle,16,8192,52.65,NA,9.01,8.06,8.06,33.69,22.00,1024.00,17792.00,NA,NA,mixed
blelloch,16,8192,55.95,NA,13.75,5.10,5.10,35.81,25.00,1024.00,17536.00,NA,NA,compute-bound
hillis_steele,16,8192,54.94,NA,14.74,6.59,6.59,35.16,18.00,1024.00,17536.00,NA,NA,compute-bound
warp_shuffle,16,16384,76.93,NA,13.74,13.34,13.34,49.24,22.00,1024.00,17792.00,NA,NA,mixed
blelloch,16,16384,78.69,NA,20.62,8.00,8.00,50.36,25.00,1024.00,17536.00,NA,NA,compute-bound
hillis_steele,16,16384,77.18,NA,22.94,10.54,10.54,49.40,18.00,1024.00,17536.00,NA,NA,compute-bound
warp_shuffle,16,32768,77.29,NA,21.00,21.23,21.23,49.47,22.00,1024.00,17792.00,NA,NA,mixed
blelloch,16,32768,83.40,NA,29.18,11.54,11.54,53.37,25.00,1024.00,17536.00,NA,NA,compute-bound
hillis_steele,16,32768,80.32,NA,33.85,16.13,16.13,51.41,18.00,1024.00,17536.00,NA,NA,compute-bound
warp_shuffle,16,65536,79.68,NA,28.73,29.66,29.66,51.00,22.00,1024.00,17792.00,NA,NA,mixed
blelloch,16,65536,87.78,NA,34.58,13.93,13.93,56.18,25.00,1024.00,17536.00,NA,NA,compute-bound
hillis_steele,16,65536,84.79,NA,42.54,20.56,20.56,54.26,18.00,1024.00,17536.00,NA,NA,compute-bound
warp_shuffle,16,131072,80.90,NA,35.87,42.78,42.78,51.78,22.00,1024.00,17792.00,NA,NA,memory-bound
blelloch,16,131072,90.36,NA,39.81,18.58,18.58,57.83,25.00,1024.00,17536.00,NA,NA,compute-bound
hillis_steele,16,131072,87.15,NA,50.70,28.41,28.41,55.78,18.00,1024.00,17536.00,NA,NA,compute-bound
warp_shuffle,64,1024,47.55,NA,7.84,2.82,2.82,30.43,22.00,1024.00,17792.00,NA,NA,compute-bound
blelloch,64,1024,49.01,NA,10.87,2.06,2.06,31.37,25.00,1024.00,17536.00,NA,NA,compute-bound
hillis_steele,64,1024,47.01,NA,10.93,2.49,2.49,30.09,18.00,1024.00,17536.00,NA,NA,compute-bound
warp_shuffle,64,2048,53.42,NA,10.48,6.62,6.62,34.19,22.00,1024.00,17792.00,NA,NA,mixed
blelloch,64,2048,56.16,NA,14.93,4.30,4.30,35.94,25.00,1024.00,17536.00,NA,NA,compute-bound
hillis_steele,64,2048,54.66,NA,16.25,5.59,5.59,34.98,18.00,1024.00,17536.00,NA,NA,compute-bound
warp_shuffle,64,4096,73.83,NA,15.64,12.52,12.52,47.25,22.00,1024.00,17792.00,NA,NA,mixed
blelloch,64,4096,78.46,NA,22.55,7.60,7.60,50.22,25.00,1024.00,17536.00,NA,NA,compute-bound
hillis_steele,64,4096,76.76,NA,25.36,10.26,10.26,49.13,18.00,1024.00,17536.00,NA,NA,compute-bound
warp_shuffle,64,8192,76.98,NA,22.69,20.94,20.94,49.26,22.00,1024.00,17792.00,NA,NA,mixed
blelloch,64,8192,83.92,NA,30.65,11.39,11.39,53.71,25.00,1024.00,17536.00,NA,NA,compute-bound
hillis_steele,64,8192,81.00,NA,35.70,15.87,15.87,51.84,18.00,1024.00,17536.00,NA,NA,compute-bound
warp_shuffle,64,16384,79.15,NA,29.54,29.20,29.20,50.65,22.00,1024.00,17792.00,NA,NA,mixed
blelloch,64,16384,88.39,NA,35.30,13.74,13.74,56.57,25.00,1024.00,17536.00,NA,NA,compute-bound
hillis_steele,64,16384,84.38,NA,43.60,20.36,20.36,54.00,18.00,1024.00,17536.00,NA,NA,compute-bound
warp_shuffle,64,32768,81.07,NA,36.52,42.52,42.52,51.88,22.00,1024.00,17792.00,NA,NA,memory-bound
blelloch,64,32768,90.73,NA,40.30,18.48,18.48,58.07,25.00,1024.00,17536.00,NA,NA,compute-bound
hillis_steele,64,32768,87.48,NA,51.47,28.38,28.38,55.99,18.00,1024.00,17536.00,NA,NA,compute-bound
warp_shuffle,64,65536,82.93,NA,37.41,59.54,59.54,53.08,22.00,1024.00,17792.00,NA,NA,memory-bound
blelloch,64,65536,92.00,NA,41.27,25.71,25.71,58.88,25.00,1024.00,17536.00,NA,NA,compute-bound
hillis_steele,64,65536,89.10,NA,52.94,39.68,39.68,57.02,18.00,1024.00,17536.00,NA,NA,compute-bound
warp_shuffle,64,131072,85.18,NA,37.55,69.89,69.89,54.51,22.00,1024.00,17792.00,NA,NA,memory-bound
blelloch,64,131072,93.22,NA,41.53,29.90,29.90,59.66,25.00,1024.00,17536.00,NA,NA,compute-bound
hillis_steele,64,131072,90.52,NA,53.48,46.37,46.37,57.93,18.00,1024.00,17536.00,NA,NA,compute-bound
warp_shuffle,256,1024,85.25,NA,20.79,7.29,7.29,54.56,22.00,1024.00,17792.00,NA,NA,compute-bound
blelloch,256,1024,86.01,NA,24.74,4.55,4.55,55.05,25.00,1024.00,17536.00,NA,NA,compute-bound
hillis_steele,256,1024,82.85,NA,27.52,6.27,6.27,53.02,18.00,1024.00,17536.00,NA,NA,compute-bound
warp_shuffle,256,2048,81.67,NA,25.79,16.44,16.44,52.27,22.00,1024.00,17792.00,NA,NA,compute-bound
blelloch,256,2048,87.65,NA,31.83,9.11,9.11,56.10,25.00,1024.00,17536.00,NA,NA,compute-bound
hillis_steele,256,2048,85.30,NA,37.19,12.92,12.92,54.59,18.00,1024.00,17536.00,NA,NA,compute-bound
warp_shuffle,256,4096,82.70,NA,31.77,25.89,25.89,52.93,22.00,1024.00,17792.00,NA,NA,compute-bound
blelloch,256,4096,90.18,NA,36.42,12.41,12.41,57.71,25.00,1024.00,17536.00,NA,NA,compute-bound
hillis_steele,256,4096,87.39,NA,44.74,18.35,18.35,55.93,18.00,1024.00,17536.00,NA,NA,compute-bound
warp_shuffle,256,8192,83.30,NA,37.52,40.02,40.02,53.31,22.00,1024.00,17792.00,NA,NA,mixed
blelloch,256,8192,91.79,NA,40.89,17.39,17.39,58.75,25.00,1024.00,17536.00,NA,NA,compute-bound
hillis_steele,256,8192,89.20,NA,52.04,26.71,26.71,57.09,18.00,1024.00,17536.00,NA,NA,compute-bound
warp_shuffle,256,16384,83.98,NA,38.29,57.79,57.79,53.75,22.00,1024.00,17792.00,NA,NA,memory-bound
blelloch,256,16384,92.81,NA,41.66,24.85,24.85,59.40,25.00,1024.00,17536.00,NA,NA,compute-bound
hillis_steele,256,16384,89.78,NA,53.52,38.49,38.49,57.46,18.00,1024.00,17536.00,NA,NA,compute-bound
warp_shuffle,256,32768,85.54,NA,37.98,68.88,68.88,54.75,22.00,1024.00,17792.00,NA,NA,memory-bound
blelloch,256,32768,93.69,NA,41.80,29.50,29.50,59.96,25.00,1024.00,17536.00,NA,NA,compute-bound
hillis_steele,256,32768,91.06,NA,53.77,45.68,45.68,58.28,18.00,1024.00,17536.00,NA,NA,compute-bound
warp_shuffle,256,65536,86.65,NA,37.65,74.14,74.14,55.46,22.00,1024.00,17792.00,NA,NA,memory-bound
blelloch,256,65536,94.08,NA,41.78,31.79,31.79,60.21,25.00,1024.00,17536.00,NA,NA,compute-bound
hillis_steele,256,65536,91.94,NA,53.80,49.10,49.10,58.84,18.00,1024.00,17536.00,NA,NA,mixed
warp_shuffle,256,131072,86.97,NA,37.60,77.09,77.09,55.66,22.00,1024.00,17792.00,NA,NA,memory-bound
blelloch,256,131072,94.26,NA,41.84,33.06,33.06,60.33,25.00,1024.00,17536.00,NA,NA,compute-bound
hillis_steele,256,131072,91.85,NA,53.81,51.25,51.25,58.79,18.00,1024.00,17536.00,NA,NA,mixed
warp_shuffle,512,1024,82.46,NA,32.17,11.20,11.20,52.78,22.00,1024.00,17792.00,NA,NA,compute-bound
blelloch,512,1024,88.02,NA,34.25,6.32,6.32,56.33,25.00,1024.00,17536.00,NA,NA,compute-bound
hillis_steele,512,1024,85.46,NA,39.73,9.09,9.09,54.69,18.00,1024.00,17536.00,NA,NA,compute-bound
warp_shuffle,512,2048,82.35,NA,34.80,22.02,22.02,52.71,22.00,1024.00,17792.00,NA,NA,compute-bound
blelloch,512,2048,89.74,NA,37.48,10.68,10.68,57.43,25.00,1024.00,17536.00,NA,NA,compute-bound
hillis_steele,512,2048,86.88,NA,46.43,16.07,16.07,55.60,18.00,1024.00,17536.00,NA,NA,compute-bound
warp_shuffle,512,4096,83.70,NA,39.22,37.17,37.17,53.57,22.00,1024.00,17792.00,NA,NA,mixed
blelloch,512,4096,91.55,NA,41.40,16.35,16.35,58.59,25.00,1024.00,17536.00,NA,NA,compute-bound
hillis_steele,512,4096,88.97,NA,53.01,25.16,25.16,56.94,18.00,1024.00,17536.00,NA,NA,compute-bound
warp_shuffle,512,8192,84.21,NA,39.60,55.72,55.72,53.89,22.00,1024.00,17792.00,NA,NA,memory-bound
blelloch,512,8192,92.61,NA,42.29,23.84,23.84,59.27,25.00,1024.00,17536.00,NA,NA,compute-bound
hillis_steele,512,8192,89.47,NA,54.44,36.89,36.89,57.26,18.00,1024.00,17536.00,NA,NA,compute-bound
warp_shuffle,512,16384,85.93,NA,38.69,67.97,67.97,54.99,22.00,1024.00,17792.00,NA,NA,memory-bound
blelloch,512,16384,93.70,NA,42.10,28.98,28.98,59.97,25.00,1024.00,17536.00,NA,NA,compute-bound
hillis_steele,512,16384,90.92,NA,54.17,44.89,44.89,58.19,18.00,1024.00,17536.00,NA,NA,compute-bound
warp_shuffle,512,32768,86.47,NA,37.97,73.64,73.64,55.34,22.00,1024.00,17792.00,NA,NA,memory-bound
blelloch,512,32768,94.10,NA,41.95,31.53,31.53,60.22,25.00,1024.00,17536.00,NA,NA,compute-bound
hillis_steele,512,32768,91.67,NA,53.96,48.91,48.91,58.67,18.00,1024.00,17536.00,NA,NA,compute-bound
warp_shuffle,512,65536,87.18,NA,37.70,76.81,76.81,55.80,22.00,1024.00,17792.00,NA,NA,memory-bound
blelloch,512,65536,94.32,NA,41.97,32.95,32.95,60.37,25.00,1024.00,17536.00,NA,NA,compute-bound
hillis_steele,512,65536,91.90,NA,53.94,51.03,51.03,58.82,18.00,1024.00,17536.00,NA,NA,mixed
warp_shuffle,512,131072,86.64,NA,37.24,77.99,77.99,55.45,22.00,1024.00,17792.00,NA,NA,memory-bound
blelloch,512,131072,94.24,NA,41.74,33.71,33.71,60.31,25.00,1024.00,17536.00,NA,NA,compute-bound
hillis_steele,512,131072,91.92,NA,53.60,52.20,52.20,58.83,18.00,1024.00,17536.00,NA,NA,mixed

=== PHASE BREAKDOWN (gpu_time_duration shares) ===
kernel,D,L,phase1_time,phase2_time,phase3_time,other_time,total_time,phase1_pct,phase2_pct,phase3_pct,other_pct
warp_shuffle,1,1024,5056.0000,4608.0000,2752.0000,0.0000,12416.0000,40.72,37.11,22.16,0.00
blelloch,1,1024,9664.0000,4288.0000,2784.0000,0.0000,16736.0000,57.74,25.62,16.63,0.00
hillis_steele,1,1024,6976.0000,3904.0000,2752.0000,0.0000,13632.0000,51.17,28.64,20.19,0.00
warp_shuffle,1,2048,4896.0000,4544.0000,3904.0000,0.0000,13344.0000,36.69,34.05,29.26,0.00
blelloch,1,2048,9728.0000,4672.0000,3680.0000,0.0000,18080.0000,53.81,25.84,20.35,0.00
hillis_steele,1,2048,6784.0000,4320.0000,3680.0000,0.0000,14784.0000,45.89,29.22,24.89,0.00
warp_shuffle,1,4096,4960.0000,4480.0000,3840.0000,0.0000,13280.0000,37.35,33.73,28.92,0.00
blelloch,1,4096,9568.0000,5120.0000,3744.0000,0.0000,18432.0000,51.91,27.78,20.31,0.00
hillis_steele,1,4096,6784.0000,4704.0000,3744.0000,0.0000,15232.0000,44.54,30.88,24.58,0.00
warp_shuffle,1,8192,5088.0000,4224.0000,3776.0000,0.0000,13088.0000,38.88,32.27,28.85,0.00
blelloch,1,8192,9760.0000,5056.0000,3808.0000,0.0000,18624.0000,52.41,27.15,20.45,0.00
hillis_steele,1,8192,6976.0000,4640.0000,3776.0000,0.0000,15392.0000,45.32,30.15,24.53,0.00
warp_shuffle,1,16384,4928.0000,4480.0000,3968.0000,0.0000,13376.0000,36.84,33.49,29.67,0.00
blelloch,1,16384,9728.0000,5792.0000,3840.0000,0.0000,19360.0000,50.25,29.92,19.83,0.00
hillis_steele,1,16384,7008.0000,5312.0000,3840.0000,0.0000,16160.0000,43.37,32.87,23.76,0.00
warp_shuffle,1,32768,5152.0000,4480.0000,4000.0000,0.0000,13632.0000,37.79,32.86,29.34,0.00
blelloch,1,32768,9792.0000,6112.0000,4000.0000,0.0000,19904.0000,49.20,30.71,20.10,0.00
hillis_steele,1,32768,7008.0000,5376.0000,3904.0000,0.0000,16288.0000,43.03,33.01,23.97,0.00
warp_shuffle,1,65536,5280.0000,4288.0000,4192.0000,0.0000,13760.0000,38.37,31.16,30.47,0.00
blelloch,1,65536,10112.0000,6208.0000,4128.0000,0.0000,20448.0000,49.45,30.36,20.19,0.00
hillis_steele,1,65536,7232.0000,5344.0000,4192.0000,0.0000,16768.0000,43.13,31.87,25.00,0.00
warp_shuffle,1,131072,6752.0000,4640.0000,4864.0000,0.0000,16256.0000,41.54,28.54,29.92,0.00
blelloch,1,131072,15296.0000,6976.0000,4832.0000,0.0000,27104.0000,56.43,25.74,17.83,0.00
hillis_steele,1,131072,9984.0000,5952.0000,4800.0000,0.0000,20736.0000,48.15,28.70,23.15,0.00
warp_shuffle,16,1024,5056.0000,4352.0000,2560.0000,0.0000,11968.0000,42.25,36.36,21.39,0.00
blelloch,16,1024,9824.0000,4000.0000,2560.0000,0.0000,16384.0000,59.96,24.41,15.62,0.00
hillis_steele,16,1024,6944.0000,3680.0000,2560.0000,0.0000,13184.0000,52.67,27.91,19.42,0.00
warp_shuffle,16,2048,5088.0000,4160.0000,3872.0000,0.0000,13120.0000,38.78,31.71,29.51,0.00
blelloch,16,2048,10112.0000,4352.0000,3936.0000,0.0000,18400.0000,54.96,23.65,21.39,0.00
hillis_steele,16,2048,7040.0000,3904.0000,3808.0000,0.0000,14752.0000,47.72,26.46,25.81,0.00
warp_shuffle,16,4096,5312.0000,4352.0000,4128.0000,0.0000,13792.0000,38.52,31.55,29.93,0.00
blelloch,16,4096,10176.0000,4960.0000,4064.0000,0.0000,19200.0000,53.00,25.83,21.17,0.00
hillis_steele,16,4096,7264.0000,4448.0000,4032.0000,0.0000,15744.0000,46.14,28.25,25.61,0.00
warp_shuffle,16,8192,6880.0000,4288.0000,4768.0000,0.0000,15936.0000,43.17,26.91,29.92,0.00
blelloch,16,8192,15264.0000,5216.0000,4672.0000,0.0000,25152.0000,60.69,20.74,18.58,0.00
hillis_steele,16,8192,10016.0000,4768.0000,4672.0000,0.0000,19456.0000,51.48,24.51,24.01,0.00
warp_shuffle,16,16384,9280.0000,4384.0000,6176.0000,0.0000,19840.0000,46.77,22.10,31.13,0.00
blelloch,16,16384,21216.0000,5632.0000,6176.0000,0.0000,33024.0000,64.24,17.05,18.70,0.00
hillis_steele,16,16384,13632.0000,5184.0000,6208.0000,0.0000,25024.0000,54.48,20.72,24.81,0.00
warp_shuffle,16,32768,12416.0000,4384.0000,8384.0000,0.0000,25184.0000,49.30,17.41,33.29,0.00
blelloch,16,32768,32160.0000,5952.0000,8224.0000,0.0000,46336.0000,69.41,12.85,17.75,0.00
hillis_steele,16,32768,19552.0000,5248.0000,8320.0000,0.0000,33120.0000,59.03,15.85,25.12,0.00
warp_shuffle,16,65536,19456.0000,4384.0000,12448.0000,0.0000,36288.0000,53.62,12.08,34.30,0.00
blelloch,16,65536,58432.0000,6336.0000,12416.0000,0.0000,77184.0000,75.70,8.21,16.09,0.00
hillis_steele,16,65536,34432.0000,5664.0000,12256.0000,0.0000,52352.0000,65.77,10.82,23.41,0.00
warp_shuffle,16,131072,33760.0000,4576.0000,19776.0000,0.0000,58112.0000,58.09,7.87,34.03,0.00
blelloch,16,131072,107040.0000,6880.0000,19776.0000,0.0000,133696.0000,80.06,5.15,14.79,0.00
hillis_steele,16,131072,61536.0000,5856.0000,20000.0000,0.0000,87392.0000,70.41,6.70,22.89,0.00
warp_shuffle,64,1024,5344.0000,4480.0000,2624.0000,0.0000,12448.0000,42.93,35.99,21.08,0.00
blelloch,64,1024,10048.0000,4256.0000,2592.0000,0.0000,16896.0000,59.47,25.19,15.34,0.00
hillis_steele,64,1024,7456.0000,3872.0000,2624.0000,0.0000,13952.0000,53.44,27.75,18.81,0.00
warp_shuffle,64,2048,6784.0000,4224.0000,4544.0000,0.0000,15552.0000,43.62,27.16,29.22,0.00
blelloch,64,2048,15136.0000,4384.0000,4416.0000,0.0000,23936.0000,63.24,18.32,18.45,0.00
hillis_steele,64,2048,9984.0000,4000.0000,4448.0000,0.0000,18432.0000,54.17,21.70,24.13,0.00
warp_shuffle,64,4096,9344.0000,4448.0000,5280.0000,0.0000,19072.0000,48.99,23.32,27.68,0.00
blelloch,64,4096,21344.0000,4800.0000,5184.0000,0.0000,31328.0000,68.13,15.32,16.55,0.00
hillis_steele,64,4096,13600.0000,4416.0000,5216.0000,0.0000,23232.0000,58.54,19.01,22.45,0.00
warp_shuffle,64,8192,12320.0000,4416.0000,7648.0000,0.0000,24384.0000,50.52,18.11,31.36,0.00
blelloch,64,8192,31936.0000,5312.0000,7488.0000,0.0000,44736.0000,71.39,11.87,16.74,0.00
hillis_steele,64,8192,19616.0000,4864.0000,7616.0000,0.0000,32096.0000,61.12,15.15,23.73,0.00
warp_shuffle,64,16384,19424.0000,4544.0000,12064.0000,0.0000,36032.0000,53.91,12.61,33.48,0.00
blelloch,64,16384,58592.0000,5888.0000,11904.0000,0.0000,76384.0000,76.71,7.71,15.58,0.00
hillis_steele,64,16384,34336.0000,5344.0000,11968.0000,0.0000,51648.0000,66.48,10.35,23.17,0.00
warp_shuffle,64,32768,33664.0000,4480.0000,19520.0000,0.0000,57664.0000,58.38,7.77,33.85,0.00
blelloch,64,32768,106880.0000,6208.0000,19552.0000,0.0000,132640.0000,80.58,4.68,14.74,0.00
hillis_steele,64,32768,61536.0000,5536.0000,19456.0000,0.0000,86528.0000,71.12,6.40,22.49,0.00
warp_shuffle,64,65536,63776.0000,4512.0000,42976.0000,0.0000,111264.0000,57.32,4.06,38.63,0.00
blelloch,64,65536,208576.0000,6464.0000,42656.0000,0.0000,257696.0000,80.94,2.51,16.55,0.00
hillis_steele,64,65536,118656.0000,5664.0000,42816.0000,0.0000,167136.0000,70.99,3.39,25.62,0.00
warp_shuffle,64,131072,122464.0000,4480.0000,91360.0000,0.0000,218304.0000,56.10,2.05,41.85,0.00
blelloch,64,131072,412256.0000,6944.0000,91360.0000,0.0000,510560.0000,80.75,1.36,17.89,0.00
hillis_steele,64,131072,231872.0000,6048.0000,91136.0000,0.0000,329056.0000,70.47,1.84,27.70,0.00
warp_shuffle,256,1024,9408.0000,6368.0000,2976.0000,0.0000,18752.0000,50.17,33.96,15.87,0.00
blelloch,256,1024,21184.0000,5856.0000,2976.0000,0.0000,30016.0000,70.58,19.51,9.91,0.00
hillis_steele,256,1024,13504.0000,5216.0000,2976.0000,0.0000,21696.0000,62.24,24.04,13.72,0.00
warp_shuffle,256,2048,12352.0000,6336.0000,6208.0000,0.0000,24896.0000,49.61,25.45,24.94,0.00
blelloch,256,2048,31808.0000,6656.0000,6240.0000,0.0000,44704.0000,71.15,14.89,13.96,0.00
hillis_steele,256,2048,19616.0000,5792.0000,6144.0000,0.0000,31552.0000,62.17,18.36,19.47,0.00
warp_shuffle,256,4096,19552.0000,6624.0000,10592.0000,0.0000,36768.0000,53.18,18.02,28.81,0.00
blelloch,256,4096,58496.0000,7648.0000,10432.0000,0.0000,76576.0000,76.39,9.99,13.62,0.00
hillis_steele,256,4096,34272.0000,6752.0000,10720.0000,0.0000,51744.0000,66.23,13.05,20.72,0.00
warp_shuffle,256,8192,33408.0000,6848.0000,18144.0000,0.0000,58400.0000,57.21,11.73,31.07,0.00
blelloch,256,8192,107648.0000,8416.0000,18304.0000,0.0000,134368.0000,80.11,6.26,13.62,0.00
hillis_steele,256,8192,61472.0000,7456.0000,18368.0000,0.0000,87296.0000,70.42,8.54,21.04,0.00
warp_shuffle,256,16384,63872.0000,6752.0000,40544.0000,0.0000,111168.0000,57.46,6.07,36.47,0.00
blelloch,256,16384,208768.0000,9248.0000,40640.0000,0.0000,258656.0000,80.71,3.58,15.71,0.00
hillis_steele,256,16384,118176.0000,8256.0000,40672.0000,0.0000,167104.0000,70.72,4.94,24.34,0.00
warp_shuffle,256,32768,122400.0000,6560.0000,89536.0000,0.0000,218496.0000,56.02,3.00,40.98,0.00
blelloch,256,32768,411904.0000,9984.0000,88832.0000,0.0000,510720.0000,80.65,1.95,17.39,0.00
hillis_steele,256,32768,231968.0000,8384.0000,89312.0000,0.0000,329664.0000,70.36,2.54,27.09,0.00
warp_shuffle,256,65536,243008.0000,6656.0000,186304.0000,0.0000,435968.0000,55.74,1.53,42.73,0.00
blelloch,256,65536,819360.0000,10912.0000,186688.0000,0.0000,1016960.0000,80.57,1.07,18.36,0.00
hillis_steele,256,65536,462528.0000,9184.0000,186688.0000,0.0000,658400.0000,70.25,1.39,28.35,0.00
warp_shuffle,256,131072,476768.0000,6880.0000,383904.0000,0.0000,867552.0000,54.96,0.79,44.25,0.00
blelloch,256,131072,1625696.0000,12032.0000,385504.0000,0.0000,2023232.0000,80.35,0.59,19.05,0.00
hillis_steele,256,131072,910528.0000,10176.0000,384192.0000,0.0000,1304896.0000,69.78,0.78,29.44,0.00
warp_shuffle,512,1024,12256.0000,8576.0000,3456.0000,0.0000,24288.0000,50.46,35.31,14.23,0.00
blelloch,512,1024,31936.0000,7616.0000,3424.0000,0.0000,42976.0000,74.31,17.72,7.97,0.00
hillis_steele,512,1024,19584.0000,6816.0000,3456.0000,0.0000,29856.0000,65.59,22.83,11.58,0.00
warp_shuffle,512,2048,19424.0000,9024.0000,8544.0000,0.0000,36992.0000,52.51,24.39,23.10,0.00
blelloch,512,2048,58496.0000,9120.0000,8512.0000,0.0000,76128.0000,76.84,11.98,11.18,0.00
hillis_steele,512,2048,34368.0000,7872.0000,8416.0000,0.0000,50656.0000,67.85,15.54,16.61,0.00
warp_shuffle,512,4096,33600.0000,8992.0000,16384.0000,0.0000,58976.0000,56.97,15.25,27.78,0.00
blelloch,512,4096,107040.0000,10368.0000,16544.0000,0.0000,133952.0000,79.91,7.74,12.35,0.00
hillis_steele,512,4096,61632.0000,8960.0000,16320.0000,0.0000,86912.0000,70.91,10.31,18.78,0.00
warp_shuffle,512,8192,63648.0000,9088.0000,37696.0000,0.0000,110432.0000,57.64,8.23,34.14,0.00
blelloch,512,8192,209184.0000,11584.0000,37440.0000,0.0000,258208.0000,81.01,4.49,14.50,0.00
hillis_steele,512,8192,118880.0000,10016.0000,37920.0000,0.0000,166816.0000,71.26,6.00,22.73,0.00
warp_shuffle,512,16384,122432.0000,8896.0000,86208.0000,0.0000,217536.0000,56.28,4.09,39.63,0.00
blelloch,512,16384,411776.0000,12768.0000,85952.0000,0.0000,510496.0000,80.66,2.50,16.84,0.00
hillis_steele,512,16384,232032.0000,11200.0000,86240.0000,0.0000,329472.0000,70.43,3.40,26.18,0.00
warp_shuffle,512,32768,242944.0000,8800.0000,183552.0000,0.0000,435296.0000,55.81,2.02,42.17,0.00
blelloch,512,32768,819456.0000,14016.0000,183296.0000,0.0000,1016768.0000,80.59,1.38,18.03,0.00
hillis_steele,512,32768,459936.0000,11648.0000,183936.0000,0.0000,655520.0000,70.16,1.78,28.06,0.00
warp_shuffle,512,65536,477056.0000,9120.0000,380896.0000,0.0000,867072.0000,55.02,1.05,43.93,0.00
blelloch,512,65536,1626304.0000,15616.0000,379584.0000,0.0000,2021504.0000,80.45,0.77,18.78,0.00
hillis_steele,512,65536,910400.0000,12736.0000,382048.0000,0.0000,1305184.0000,69.75,0.98,29.27,0.00
warp_shuffle,512,131072,954848.0000,9248.0000,789184.0000,0.0000,1753280.0000,54.46,0.53,45.01,0.00
blelloch,512,131072,3248608.0000,17280.0000,790656.0000,0.0000,4056544.0000,80.08,0.43,19.49,0.00
hillis_steele,512,131072,1815424.0000,13984.0000,790528.0000,0.0000,2619936.0000,69.29,0.53,30.17,0.00

=== OCCUPANCY/REGISTER SUMMARY (avg over L) ===
kernel,D,occ_pct_avg,resident_warps_avg,warp_eff_avg,regs_peak_avg,block_size_avg,shared_mem_B_avg,sm_util_avg,dram_util_avg,bw_util_avg
warp_shuffle,1,48.14,30.81,NA,22.00,1024.00,17792.00,2.25,2.32,2.32
blelloch,1,49.66,31.78,NA,25.00,1024.00,17536.00,3.68,1.49,1.49
hillis_steele,1,49.29,31.55,NA,18.00,1024.00,17536.00,3.81,1.87,1.87
warp_shuffle,16,63.51,40.65,NA,22.00,1024.00,17792.00,14.86,15.29,15.29
blelloch,16,67.76,43.37,NA,25.00,1024.00,17536.00,19.39,7.79,7.79
hillis_steele,16,66.11,42.31,NA,18.00,1024.00,17536.00,22.75,11.07,11.07
warp_shuffle,64,72.51,46.41,NA,22.00,1024.00,17792.00,24.71,30.51,30.51
blelloch,64,78.99,50.55,NA,25.00,1024.00,17536.00,29.68,14.15,14.15
hillis_steele,64,76.36,48.87,NA,18.00,1024.00,17536.00,36.22,21.12,21.12
warp_shuffle,256,84.51,54.08,NA,22.00,1024.00,17792.00,33.42,45.94,45.94
blelloch,256,91.31,58.44,NA,25.00,1024.00,17536.00,37.62,20.33,20.33
hillis_steele,256,88.67,56.75,NA,18.00,1024.00,17536.00,47.05,31.10,31.10
warp_shuffle,512,84.87,54.32,NA,22.00,1024.00,17792.00,37.17,52.81,52.81
blelloch,512,92.28,59.06,NA,25.00,1024.00,17536.00,40.40,23.04,23.04
hillis_steele,512,89.65,57.37,NA,18.00,1024.00,17536.00,51.16,35.53,35.53

=== CROSSOVER ANALYSIS (hillis_steele / blelloch) ===
D=1: hillis_steele faster than blelloch for all tested L
  L=1024: 0.8125; L=2048: 0.8235; L=4096: 0.8824; L=8192: 0.8824; L=16384: 0.8333; L=32768: 0.9327; L=65536: 0.9023; L=131072: 0.7906
D=16: crosses between L=1024 and L=2048
  L=1024: 0.8750; L=2048: 1.0809; L=4096: 0.8387; L=8192: 0.9237; L=16384: 0.8393; L=32768: 0.7832; L=65536: 0.7295; L=131072: 0.6841
D=64: hillis_steele faster than blelloch for all tested L
  L=1024: 0.8447; L=2048: 0.8211; L=4096: 0.8044; L=8192: 0.6570; L=16384: 0.7056; L=32768: 0.6547; L=65536: 0.6838; L=131072: 0.6756
D=256: hillis_steele faster than blelloch for all tested L
  L=1024: 0.7925; L=2048: 0.7321; L=4096: 0.6845; L=8192: 0.6789; L=16384: 0.6878; L=32768: 0.6827; L=65536: 0.6665; L=131072: 0.6678
D=512: hillis_steele faster than blelloch for all tested L
  L=1024: 0.7167; L=2048: 0.6750; L=4096: 0.6692; L=8192: 0.6925; L=16384: 0.6780; L=32768: 0.6652; L=65536: 0.6646; L=131072: 0.6652

=== OUTPUT FILES ===
merged_metrics_csv: Results/profile_run_colab_20260428_201442/merged_metrics.csv
kernel_launch_metrics_csv: Results/profile_run_colab_20260428_201442/kernel_launch_metrics.csv
phase_breakdown_csv: Results/profile_run_colab_20260428_201442/phase_breakdown.csv
occupancy_summary_csv: Results/profile_run_colab_20260428_201442/occupancy_summary.csv
crossover_summary_csv: Results/profile_run_colab_20260428_201442/crossover_summary.csv
